Date,Open,High,Low,Close,Adj Close,Volume
01-10-2010,135.509995,136.279999,135.089996,135.639999,97.152512,5621200
04-10-2010,135.229996,135.919998,134.389999,135.25,96.873192,4059900
05-10-2010,136.179993,137.899994,136.119995,137.660004,98.599335,6202500
06-10-2010,136.880005,137.960007,136.830002,137.839996,98.728279,4783000
07-10-2010,137.919998,138.880005,137.520004,138.720001,99.358559,6440800
08-10-2010,138.399994,139.089996,138.059998,138.850006,99.451691,4540800
11-10-2010,138.789993,139.940002,138.639999,139.660004,100.03186,4004300
12-10-2010,138.399994,139.990005,138.270004,139.850006,100.167953,5637300
13-10-2010,139.910004,141.479996,139.779999,140.369995,100.540405,8784300
14-10-2010,140.350006,141.5,139.690002,141.5,101.34977,5653100
15-10-2010,142.100006,142.100006,140.539993,141.059998,101.034576,7220400
18-10-2010,140.899994,143.029999,140.839996,142.830002,102.302361,10322700
19-10-2010,137.300003,139.339996,136.699997,138.029999,98.86438,14159100
20-10-2010,138.279999,139.869995,138.130005,139.070007,99.609261,6945500
21-10-2010,139.809998,140.490005,138.399994,139.830002,100.15361,6221200
22-10-2010,140.149994,140.75,139.460007,139.669998,100.039032,4105300
25-10-2010,140.419998,141.399994,139.809998,139.839996,100.160774,4870000
26-10-2010,139.289993,142,138.529999,140.669998,100.75528,7327100
27-10-2010,139.520004,141.570007,139,141.429993,101.299622,6465300
28-10-2010,141.839996,141.949997,140.419998,140.899994,100.920006,5481600
29-10-2010,140.899994,144,140.75,143.600006,102.853882,8439300
01-11-2010,143.639999,144.259995,142.320007,143.320007,102.653328,5674600
02-11-2010,143.850006,144.710007,143.710007,143.839996,103.02578,4626400
03-11-2010,144.240005,144.460007,142.630005,144.169998,103.262138,5182100
04-11-2010,144.820007,146.839996,144.710007,146.789993,105.138725,6622500
05-11-2010,145.940002,146.929993,145.669998,146.919998,105.231812,4995800
08-11-2010,145.350006,146.580002,145.25,146.460007,105.36853,4459700
09-11-2010,146.699997,147.529999,145.630005,146.139999,105.138313,5700600
10-11-2010,146.089996,146.789993,145.630005,146.550003,105.433296,5172000
11-11-2010,144.699997,145.5,143.350006,145.429993,104.627518,4752200
12-11-2010,144.589996,145.770004,143.550003,143.740005,103.411682,4731500
15-11-2010,143.889999,144.75,143.270004,143.639999,103.339714,3827700
16-11-2010,142.929993,143.380005,141.179993,142.240005,102.332527,6342100
17-11-2010,142.490005,142.490005,141.389999,141.949997,102.123886,4785900
18-11-2010,143.039993,144.990005,142.75,144.360001,103.857712,4236200
19-11-2010,144.380005,145.350006,143.990005,145.050003,104.354126,5015900
22-11-2010,144,145.429993,143.559998,145.389999,104.598724,3730700
23-11-2010,144.240005,144.529999,142.330002,143.179993,103.008827,4570300
24-11-2010,143.949997,146.440002,143.820007,145.809998,104.900894,4874100
26-11-2010,145.300003,145.300003,143.570007,143.899994,103.526756,2081300
29-11-2010,143.529999,143.669998,141.5,142.889999,102.800156,5040300
30-11-2010,142.240005,142.759995,141.279999,141.460007,101.77137,7674800
01-12-2010,143.610001,145.130005,143.509995,144.410004,103.893723,6822800
02-12-2010,144.330002,145.850006,144.300003,145.179993,104.44767,5374000
03-12-2010,144.25,145.679993,144.25,145.380005,104.59156,3710600
06-12-2010,144.539993,145.869995,144.520004,144.990005,104.310974,3321800
07-12-2010,146.020004,146.300003,143.869995,144.020004,103.613121,4828600
08-12-2010,144.350006,145.649994,143.839996,144.979996,104.303787,4961400
09-12-2010,145.940002,145.940002,143.520004,144.300003,103.814552,4405300
10-12-2010,144.880005,144.949997,143.729996,144.820007,104.188667,3503800
13-12-2010,145.139999,145.399994,144.210007,144.279999,103.800171,4741000
14-12-2010,144.259995,146.009995,144.259995,145.820007,104.908127,4800800
15-12-2010,145.130005,145.720001,144.309998,144.720001,104.116722,4447400
16-12-2010,144.839996,145.320007,144.149994,144.550003,103.994415,4178600
17-12-2010,144.690002,145.5,144.399994,145,104.318169,10027000
20-12-2010,145.389999,145.539993,144.389999,144.509995,103.965614,3995000
21-12-2010,144.990005,145.990005,144.330002,145.740005,104.850548,3777100
22-12-2010,145.660004,146.399994,145.580002,145.949997,105.001602,3388800
23-12-2010,145.889999,146.330002,145.330002,145.889999,104.958458,2424500
27-12-2010,145.119995,145.699997,145,145.339996,104.562782,2314700
28-12-2010,145.309998,146.149994,145.059998,145.710007,104.828964,2699600
29-12-2010,146,147.5,145.710007,146.520004,105.411713,3661100
30-12-2010,146.360001,147.110001,146.25,146.669998,105.519592,3039100
31-12-2010,146.729996,147.070007,145.960007,146.759995,105.584366,2969800
03-01-2011,147.210007,148.199997,147.139999,147.479996,106.102379,4603800
04-01-2011,147.559998,148.220001,146.639999,147.639999,106.217491,5060100
05-01-2011,147.339996,147.479996,146.729996,147.050003,105.792992,4657400
06-01-2011,147.130005,148.789993,146.820007,148.660004,106.951309,5029200
07-01-2011,148.789993,148.860001,146.940002,147.929993,106.426086,4135700
10-01-2011,147.580002,148.059998,147.229996,147.639999,106.217491,3633400
11-01-2011,148.199997,148.350006,146.75,147.279999,105.958458,4163600
12-01-2011,147.990005,149.289993,147.669998,149.100006,107.26783,4091500
13-01-2011,149.240005,149.289993,148.25,148.820007,107.066422,3445800
14-01-2011,148.889999,150,148.470001,150,107.915359,4544200
18-01-2011,149.820007,151.460007,149.380005,150.649994,108.382957,9176900
19-01-2011,153.259995,156.130005,152.830002,155.690002,112.008949,12141000
20-01-2011,154.529999,155.960007,154.449997,155.800003,112.088066,7439900
21-01-2011,156.399994,156.779999,154.960007,155.5,111.872246,7009000
24-01-2011,155.419998,159.789993,155.330002,159.630005,114.843491,7285100
25-01-2011,159.210007,164.350006,159,161.440002,116.145706,8260800
26-01-2011,161.669998,161.899994,160.419998,161.039993,115.857887,5353100
27-01-2011,161.429993,162.179993,160.860001,161.070007,115.879471,4878300
28-01-2011,161.050003,161.919998,158.669998,159.210007,114.541328,6725600
31-01-2011,159.179993,162,158.679993,162,116.548561,7197200
01-02-2011,162.110001,163.940002,162,163.559998,117.67086,5831300
02-02-2011,163.399994,163.600006,162.610001,163.300003,117.483833,3904000
03-02-2011,163.160004,164.199997,162.809998,163.529999,117.649261,4683400
04-02-2011,163.479996,164.139999,163.220001,164,117.987465,3755200
07-02-2011,164.080002,164.990005,164.020004,164.820007,118.5774,4928100
08-02-2011,164.820007,166.25,164.320007,166.050003,119.935249,5612600
09-02-2011,165.619995,165.970001,164.100006,164.649994,118.92411,4633600
10-02-2011,163.899994,165,163.179993,164.089996,118.519608,5737800
11-02-2011,163.979996,165.009995,163.309998,163.850006,118.346268,5185200
14-02-2011,164.179993,164.380005,162.850006,163.220001,117.891228,4129800
15-02-2011,162.889999,163.570007,162.520004,162.839996,117.616707,3768700
16-02-2011,163.330002,163.600006,162.75,163.399994,118.021202,3216000
17-02-2011,163.300003,164.669998,162.850006,164.240005,118.62796,3230500
18-02-2011,164.460007,164.839996,164.100006,164.839996,119.061287,4245000
22-02-2011,163.570007,164.259995,161.779999,161.949997,116.973877,5209300
23-02-2011,161.809998,162.679993,160.139999,160.179993,115.695427,5998100
24-02-2011,159.630005,161.270004,159.029999,160.770004,116.121635,5707500
25-02-2011,161.059998,162.339996,160.860001,162.279999,117.212227,4518400
28-02-2011,162.360001,162.990005,161.240005,161.880005,116.923347,4773000
01-03-2011,163.149994,163.149994,159.880005,159.970001,115.54377,4382800
02-03-2011,159.429993,161.110001,159.410004,160.160004,115.681046,3413000
03-03-2011,161.419998,164,161.270004,163.479996,118.078979,4057800
04-03-2011,163.399994,164.309998,160.649994,161.830002,116.887238,4910700
07-03-2011,161.600006,162.979996,158.850006,159.929993,115.5149,5312000
08-03-2011,159.699997,163.429993,159.210007,162.279999,117.212227,5384800
09-03-2011,163.470001,167.720001,163.279999,165.860001,119.798027,9086600
10-03-2011,164.639999,164.669998,161.380005,162.020004,117.024445,7041400
11-03-2011,162.399994,163.240005,160.839996,162.429993,117.32058,4271000
14-03-2011,161.160004,161.979996,160.089996,161.389999,116.56942,4300500
15-03-2011,157.350006,159.639999,156.880005,159.020004,114.857628,6475800
16-03-2011,156.520004,156.979996,151.710007,153,110.50943,12195300
17-03-2011,154,154.5,152.699997,154.179993,111.36174,7376400
18-03-2011,156.5,156.949997,154.320007,155.889999,112.596893,11450000
21-03-2011,157.639999,159.630005,157.070007,157.679993,113.889771,5784000
22-03-2011,158.559998,158.610001,157.520004,158,114.120888,4311400
23-03-2011,158,160.080002,157.529999,159.529999,115.22599,4782500
24-03-2011,160.229996,160.710007,158.839996,160.039993,115.594322,5145800
25-03-2011,160.979996,162.740005,160.759995,162.179993,117.140038,5348100
28-03-2011,161.539993,162.580002,161.119995,161.369995,116.554947,3972800
29-03-2011,161.339996,163.089996,161.149994,162.880005,117.645584,3456700
30-03-2011,163.550003,163.990005,163.020004,163.600006,118.165688,3394100
31-03-2011,163.399994,164.059998,163.070007,163.070007,117.782875,3860800
01-04-2011,163.699997,164.419998,163.039993,164.270004,118.649612,4381900
04-04-2011,164.419998,164.729996,163.580002,164.25,118.635147,3225100
05-04-2011,163.809998,164.699997,163.619995,163.990005,118.44738,3612000
06-04-2011,164.339996,164.75,163.809998,164.039993,118.483505,3774800
07-04-2011,164.100006,164.550003,163.279999,164.380005,118.729057,3666700
08-04-2011,164.350006,164.380005,163.160004,164.050003,118.490707,3324100
11-04-2011,163.440002,164,163.110001,163.949997,118.418434,4139000
12-04-2011,163.360001,163.770004,162.300003,163.25,117.912918,3860600
13-04-2011,163.970001,164.929993,163.660004,163.949997,118.418434,4181900
14-04-2011,163.839996,165.360001,163.160004,164.970001,119.155212,4699100
15-04-2011,165,166.339996,164.869995,166.210007,120.050835,5287400
18-04-2011,164.639999,166.160004,162.860001,165.940002,119.85585,6160700
19-04-2011,165.710007,166.380005,164.440002,165.399994,119.465736,6547100
20-04-2011,163.100006,165.889999,162.190002,164.75,118.996262,10891800
21-04-2011,165.630005,168.449997,164.860001,168.279999,121.545982,6158400
25-04-2011,167.649994,168.770004,167.229996,167.669998,121.105385,3583800
26-04-2011,167.990005,169.199997,167.399994,168.490005,121.697662,7300000
27-04-2011,168.610001,170.589996,168.460007,170.369995,123.055527,5299700
28-04-2011,169.990005,171.380005,169.699997,170.779999,123.351654,5087700
29-04-2011,171.100006,173,170.479996,170.580002,123.207191,5587700
02-05-2011,172.110001,173.539993,171.490005,172.149994,124.341217,5396200
03-05-2011,172,173.479996,171.229996,172.869995,124.861237,5007700
04-05-2011,172.360001,172.619995,169.589996,170.619995,123.236099,6890300
05-05-2011,170.470001,170.869995,167.5,168.460007,121.675964,7332000
06-05-2011,169.029999,170.149994,168.240005,168.889999,122.532082,4839400
09-05-2011,168.389999,169.850006,168.309998,169.100006,122.684402,3594800
10-05-2011,169.25,170.899994,169.220001,170.380005,123.613098,4934800
11-05-2011,170.300003,170.520004,167.820007,169.5,122.974625,4663200
12-05-2011,169.649994,172.770004,168.649994,172.240005,124.962532,5138500
13-05-2011,171.699997,172.149994,169.440002,169.919998,123.279373,5167400
16-05-2011,169.809998,170.639999,168.309998,168.860001,122.510292,4662200
17-05-2011,167.850006,171.410004,166.529999,170.5,123.700134,8773200
18-05-2011,170.100006,171.190002,169.460007,170.440002,123.65667,4154300
19-05-2011,170.860001,171.399994,169.320007,170.589996,123.76545,3538300
20-05-2011,170.399994,171.149994,169.380005,170.160004,123.453529,4869900
23-05-2011,168.580002,168.690002,167.070007,168.259995,122.074997,5144000
24-05-2011,168.5,168.669998,167.509995,167.990005,121.879135,4643600
25-05-2011,167.630005,168.399994,167.509995,167.75,121.704971,3882100
26-05-2011,167.460007,167.5,165.899994,167.179993,121.291458,5771300
27-05-2011,167.910004,168.470001,167,167.5,121.523621,3277600
31-05-2011,168.440002,169.889999,167.820007,168.929993,122.561104,9123400
01-06-2011,168.899994,169.580002,166.5,166.559998,120.841652,5134600
02-06-2011,166.440002,167.100006,165.710007,166.089996,120.500626,3854100
03-06-2011,164.300003,165.889999,164.130005,165.050003,119.746117,5230500
06-06-2011,164.759995,165.580002,164.270004,164.75,119.528427,3619700
07-06-2011,165.110001,165.240005,163.610001,163.690002,118.759415,4187000
08-06-2011,163.270004,164.850006,163.259995,164.339996,119.230995,3850800
09-06-2011,165.009995,165.960007,164.759995,164.839996,119.593727,4299800
10-06-2011,164.570007,164.839996,162.869995,163.179993,118.389404,4683300
13-06-2011,164.440002,164.460007,162.729996,163.169998,118.382133,5099200
14-06-2011,163.869995,164.570007,163.649994,164.119995,119.071373,7050000
15-06-2011,162.75,163.410004,161.520004,162.330002,117.772675,5225600
16-06-2011,162.059998,163.630005,161.779999,162.669998,118.019356,4861100
17-06-2011,164.240005,165.100006,163.580002,164.440002,119.303581,7149700
20-06-2011,163.699997,165.610001,163.589996,165.020004,119.724342,3956100
21-06-2011,165.199997,166.75,164,166.220001,120.594948,5387300
22-06-2011,165.589996,166.809998,165.100006,165.679993,120.203171,3960500
23-06-2011,164.059998,166.729996,163.800003,166.119995,120.522377,5271500
24-06-2011,165.850006,165.940002,164.570007,165.070007,119.760597,4402600
27-06-2011,165.740005,168.240005,165.210007,167.619995,121.610695,4446700
28-06-2011,168.330002,170.699997,168.009995,170.009995,123.344666,4850000
29-06-2011,170.610001,170.860001,169.820007,170.539993,123.729202,3817100
30-06-2011,171.110001,172.449997,170.75,171.550003,124.461952,5105200
01-07-2011,171.610001,174.649994,171.490005,174.539993,126.631271,5181700
05-07-2011,173.520004,175.429993,173.520004,175.429993,127.27697,4586500
06-07-2011,175.190002,177.770004,175.089996,177.710007,128.931122,5885900
07-07-2011,176.779999,177.270004,176.119995,176.479996,128.038727,5905600
08-07-2011,175.490005,176.490005,175.009995,176.490005,128.046005,4399900
11-07-2011,174.899994,176.149994,174.610001,174.990005,126.957695,4766500
12-07-2011,174.929993,175.369995,173.889999,174.050003,126.275734,5036800
13-07-2011,174.899994,176.320007,174,174.320007,126.471634,4074800
14-07-2011,174.399994,176.100006,173.839996,174.229996,126.406303,4613100
15-07-2011,175.080002,175.940002,174.070007,175.539993,127.356758,5347100
18-07-2011,174.729996,176.460007,173.580002,175.279999,127.168144,8879700
19-07-2011,178.740005,185.210007,178.649994,185.210007,134.372452,13245600
20-07-2011,183.839996,184.419998,183,183.649994,133.240646,5901100
21-07-2011,183.589996,185.5,182.899994,184.899994,134.147598,4958400
22-07-2011,184.639999,185.630005,184.259995,185.179993,134.350693,4516100
25-07-2011,183.889999,184.960007,183.279999,183.699997,133.276886,4987000
26-07-2011,182.940002,184.050003,182.649994,182.929993,132.718262,4356200
27-07-2011,182.009995,182.910004,180.929993,181.350006,131.571991,5806800
28-07-2011,181.059998,183.270004,180.880005,181.800003,131.898483,4478800
29-07-2011,180.259995,183.429993,179.729996,181.850006,131.934753,6665600
01-08-2011,182.600006,183.690002,178.5,180.75,131.136673,5842700
02-08-2011,179.949997,182.289993,177.860001,178.050003,129.17778,5770400
03-08-2011,177.669998,179.229996,175.410004,178.830002,129.743668,6722000
04-08-2011,176.5,177.919998,171.179993,171.479996,124.411118,11022300
05-08-2011,172.100006,174.220001,166.520004,172.979996,125.499435,11871800
08-08-2011,168.830002,172.610001,166,166.220001,121.120163,15804900
09-08-2011,167.460007,171.050003,162,170.610001,124.318954,12517600
10-08-2011,168.179993,169.229996,161.850006,162.539993,118.438614,13993600
11-08-2011,164.100006,168.770004,162.940002,166.729996,121.491737,9175600
12-08-2011,168.5,169.380005,165.830002,168.199997,122.562859,5187000
15-08-2011,171.320007,174,170.389999,172.990005,126.05323,7645400
16-08-2011,172.190002,172.190002,169,171.240005,124.778061,5585400
17-08-2011,171.570007,172.990005,169.889999,171.479996,124.952919,5129700
18-08-2011,166.320007,166.460007,160.160004,163.830002,119.378563,15082600
19-08-2011,162.169998,163.940002,157.130005,157.539993,114.795219,14068600
22-08-2011,161.350006,161.679993,157.619995,158.979996,115.844498,7249100
23-08-2011,160.649994,164.589996,159.529999,164.320007,119.735634,6923300
24-08-2011,164.130005,166.830002,163.350006,166.759995,121.513573,6427000
25-08-2011,167.520004,168.529999,164.850006,165.580002,120.653755,6751600
26-08-2011,164.850006,169.330002,163.279999,169.139999,123.247864,6438200
29-08-2011,170.580002,172.720001,170.360001,172.619995,125.78363,5293400
30-08-2011,172.059998,173.509995,170.880005,172.509995,125.703499,4477700
31-08-2011,173.289993,173.720001,170.710007,171.910004,125.266289,6074200
01-09-2011,172.710007,173.679993,170.119995,170.330002,124.114975,5463900
02-09-2011,167.690002,168.929993,166,166.979996,121.673897,4979100
06-09-2011,163.059998,165.550003,162.199997,165.110001,120.311287,5761200
07-09-2011,167.279999,167.899994,166.160004,167.309998,121.914375,6796600
08-09-2011,167,169.580002,165.100006,165.25,120.413307,6027200
09-09-2011,164.570007,165.190002,160.809998,161.369995,117.586052,6743900
12-09-2011,160.039993,162.440002,158.759995,162.419998,118.351151,5247200
13-09-2011,163.639999,163.919998,161.539993,163.429993,119.087128,4723800
14-09-2011,164.009995,169.660004,161.990005,167.240005,121.863342,6980700
15-09-2011,168.639999,170.160004,167.229996,170.089996,123.940102,5464400
16-09-2011,171.330002,172.990005,169.740005,172.990005,126.05323,11048100
19-09-2011,169.5,173.869995,169.429993,173.130005,126.155212,4755600
20-09-2011,173.570007,177.429993,172.699997,174.720001,127.313805,6209600
21-09-2011,175,177.669998,172.619995,173.020004,126.075089,7043100
22-09-2011,168.330002,169.970001,166.5,168.619995,122.868935,8195600
23-09-2011,166.990005,169.539993,165.759995,169.339996,123.393562,5586600
26-09-2011,170.960007,174.699997,169.860001,174.509995,127.160812,6745700
27-09-2011,176.820007,179.619995,176.429993,177.710007,129.492569,7638800
28-09-2011,177.970001,180.75,177.080002,177.550003,129.375977,7732200
29-09-2011,179.690002,180.910004,175.529999,179.169998,130.556427,6944300
30-09-2011,176.009995,178.270004,174.75,174.869995,127.423172,7807400
03-10-2011,174.360001,177.919998,173.039993,173.289993,126.271782,9042600
04-10-2011,171.539993,175.070007,168.880005,174.740005,127.328384,9200000
05-10-2011,174.570007,177.300003,172.679993,176.850006,128.865921,5851700
06-10-2011,176.809998,181.990005,175.660004,181.690002,132.392746,7180900
07-10-2011,182.320007,183.720001,181.639999,182.389999,132.902756,6842600
10-10-2011,183,186.630005,182.899994,186.619995,135.985016,5784800
11-10-2011,184.589996,186,184.110001,185,134.804611,5330500
12-10-2011,186.080002,188,185.649994,186.119995,135.620712,5338200
13-10-2011,184.970001,187.5,184.5,186.820007,136.130798,4399200
14-10-2011,188.190002,190.529999,187.729996,190.529999,138.834167,5368200
17-10-2011,189.710007,190.160004,185.899994,186.589996,135.963181,8790300
18-10-2011,178,179.380005,176.25,178.899994,130.359726,15729400
19-10-2011,179.679993,179.809998,177.009995,177.389999,129.259369,6708300
20-10-2011,178.130005,179.240005,176.169998,177.25,129.157379,7513800
21-10-2011,179.110001,181.669998,178.75,181.630005,132.348969,8054200
24-10-2011,181.509995,183.389999,180.619995,182.25,132.80072,5890600
25-10-2011,181.660004,182.970001,180.009995,180.360001,131.423523,5373100
26-10-2011,181.740005,182.279999,179.029999,181.970001,132.596725,5387700
27-10-2011,184.990005,187,183.179993,185.880005,135.445847,7057800
28-10-2011,185.570007,188.070007,185.279999,187.449997,136.589813,5009800
31-10-2011,185.589996,186.910004,184.630005,184.630005,134.535019,4710000
01-11-2011,181.550003,183.259995,180.740005,181.350006,132.144913,5881200
02-11-2011,184,185.25,183.029999,183.919998,134.017654,4136600
03-11-2011,185.130005,187.779999,184.020004,187.300003,136.48056,4953500
04-11-2011,186.270004,187.139999,184.740005,186.380005,135.81012,3237600
07-11-2011,186.220001,187.729996,184.75,187.320007,136.495117,3530800
08-11-2011,187.479996,187.880005,185.509995,187.25,136.992645,4330600
09-11-2011,184.199997,185.240005,181.160004,182.240005,133.327271,5494800
10-11-2011,183.580002,184.770004,181.869995,183.350006,134.139343,3881600
11-11-2011,185.270004,187.830002,185.139999,187.380005,137.087723,3665300
14-11-2011,189.169998,189.839996,186.850006,187.350006,137.06575,6038600
15-11-2011,187.490005,189.970001,185.639999,188.75,138.089966,4585300
16-11-2011,187.820007,189.899994,186.300003,186.619995,136.531647,4616800
17-11-2011,186.809998,188.830002,183.389999,185.729996,135.880585,5840500
18-11-2011,186.710007,186.970001,184.660004,185.240005,135.52211,4440900
21-11-2011,183.369995,183.960007,180,181.479996,132.771225,5145100
22-11-2011,182.220001,182.979996,180.289993,181.309998,132.646851,4178600
23-11-2011,180.669998,181.490005,177.520004,177.949997,130.188705,4800900
25-11-2011,178.009995,179.559998,177.059998,177.059998,129.537537,2232800
28-11-2011,182.710007,182.929993,180.669998,182.210007,133.305313,4524200
29-11-2011,182.020004,183.309998,180.839996,180.940002,132.376205,3661600
30-11-2011,184.570007,188.350006,184.210007,188,137.541306,7836800
01-12-2011,187.009995,189.990005,186.770004,189.449997,138.602097,4858800
02-12-2011,189.919998,191.330002,189.449997,189.660004,138.755814,4962200
05-12-2011,191.179993,193.610001,190.380005,190.839996,139.61908,5699400
06-12-2011,190.649994,193.529999,190.320007,192.940002,141.155441,4144900
07-12-2011,191.990005,194.899994,191.279999,194.050003,141.967484,5081700
08-12-2011,192.479996,193.800003,191.070007,191.580002,140.160461,4369000
09-12-2011,192.910004,194.869995,192.399994,194.559998,142.340637,4847900
12-12-2011,193.639999,193.899994,191.220001,192.179993,140.59938,3796100
13-12-2011,193.460007,194.300003,190.639999,191.149994,139.845825,5008400
14-12-2011,189.839996,190.279999,188,188.720001,138.068069,5057700
15-12-2011,190.479996,191.199997,186.889999,187.479996,137.160873,4474500
16-12-2011,188.009995,188.009995,181.910004,183.570007,134.300323,11849400
19-12-2011,184.509995,184.690002,182.25,182.889999,133.802856,5039900
20-12-2011,185.5,187.330002,184.759995,187.240005,136.985291,4740100
21-12-2011,183.220001,183.5,179.039993,181.470001,132.763916,9282500
22-12-2011,182.710007,182.800003,181,182.039993,133.180939,5052000
23-12-2011,183.110001,184.850006,181.889999,184.75,135.163544,3052300
27-12-2011,184.970001,185.850006,184.389999,184.949997,135.309937,2775200
28-12-2011,185.190002,185.399994,183.339996,183.990005,134.607559,2872000
29-12-2011,184.070007,186.229996,184.009995,186.179993,136.209763,2941600
30-12-2011,186.330002,186.479996,183.850006,183.880005,134.52713,3530900
03-01-2012,186.729996,188.710007,186,186.300003,136.297592,5646000
04-01-2012,185.570007,186.330002,184.940002,185.539993,135.741547,4346700
05-01-2012,184.809998,185.029999,183.100006,184.660004,135.097763,4463100
06-01-2012,184.389999,184.479996,182.309998,182.539993,133.546753,4897100
09-01-2012,182.199997,182.270004,180.270004,181.589996,132.851685,5201200
10-01-2012,183.229996,183.720001,181.199997,181.309998,132.646851,5161000
11-01-2012,180.729996,182.809998,180.5,182.320007,133.385788,4110800
12-01-2012,181.860001,181.910004,178.380005,180.550003,132.090881,6881000
13-01-2012,179.479996,179.610001,177.350006,179.160004,131.073929,5279200
17-01-2012,180.360001,182,179.320007,180,131.688492,6003400
18-01-2012,179.830002,181.600006,179.5,181.070007,132.471283,4600600
19-01-2012,181.789993,182.360001,180.350006,180.520004,132.068893,8567200
20-01-2012,185.770004,188.970001,184.75,188.520004,137.921722,12849700
23-01-2012,187.910004,190.520004,187.669998,189.979996,138.989899,5751700
24-01-2012,188.630005,192.300003,188.520004,191.929993,140.416458,5345700
25-01-2012,191.330002,192.240005,189.610001,191.729996,140.270157,4359700
26-01-2012,191.789993,192.789993,190.470001,190.979996,139.721481,4004700
27-01-2012,190.009995,191.770004,189.809998,190.460007,139.341034,3360400
30-01-2012,189.389999,192.729996,188.220001,192.5,140.833542,4359000
31-01-2012,193.089996,193.100006,191,192.600006,140.906677,4826800
01-02-2012,193.210007,194.809998,192.410004,192.619995,140.921356,5088800
02-02-2012,192.720001,193.330002,191.330002,191.529999,140.123886,3907300
03-02-2012,192.929993,194.130005,192.539993,193.639999,141.667511,4521700
06-02-2012,192.479996,193.759995,192,192.820007,141.067596,3639800
07-02-2012,192.449997,194.139999,191.970001,193.350006,141.455414,3433000
08-02-2012,192.779999,193.580002,191.729996,192.949997,141.712433,3803800
09-02-2012,193.029999,194.460007,192.550003,193.130005,141.84462,3876400
10-02-2012,191.759995,192.429993,191.279999,192.419998,141.323166,3391100
13-02-2012,193.309998,193.690002,191.740005,192.619995,141.470078,2458800
14-02-2012,191.759995,192.600006,190.830002,192.220001,141.176254,3398100
15-02-2012,192.309998,193.440002,191.259995,192.25,141.198288,4020900
16-02-2012,192.610001,193.25,192,193.020004,141.76387,3525500
17-02-2012,193.710007,193.860001,192.300003,193.419998,142.057632,3746500
21-02-2012,193.729996,194.240005,192.460007,193.389999,142.035583,3293600
22-02-2012,193.029999,194.740005,192.75,193.869995,142.388138,3275800
23-02-2012,193.869995,199.229996,193.279999,197.610001,145.134949,8032700
24-02-2012,198.380005,198.559998,196.610001,197.759995,145.245148,3353200
27-02-2012,196.779999,198.710007,196.100006,197.529999,145.076279,3758400
28-02-2012,197.75,198.960007,197.429993,197.979996,145.406723,3167400
29-02-2012,197.860001,199.169998,196.449997,196.729996,144.488678,5117100
01-03-2012,197.229996,198.470001,196.929993,197.529999,145.076279,3560300
02-03-2012,197.100006,198.889999,197.059998,198.809998,146.016357,3727400
05-03-2012,198.360001,201.190002,198.300003,200.660004,147.375046,6938000
06-03-2012,199.139999,199.639999,196.809998,197.259995,144.87796,5214700
07-03-2012,198.089996,198.570007,197.309998,197.770004,145.252502,3346900
08-03-2012,199.240005,199.990005,198.649994,199.809998,146.750793,3145800
09-03-2012,199.979996,201.100006,199.720001,200.619995,147.345673,3178200
12-03-2012,200.929993,201.570007,200.229996,201,147.624786,3119700
13-03-2012,201.720001,203.899994,201.610001,203.779999,149.666565,4866000
14-03-2012,203.779999,205.149994,203.639999,204.720001,150.356934,4602300
15-03-2012,204.940002,206.179993,204.740005,206,151.296997,3621100
16-03-2012,207.029999,207.520004,206.009995,206.009995,151.304337,9637000
19-03-2012,205.710007,206.529999,204.5,205.720001,151.09137,3763200
20-03-2012,204.740005,205,203.699997,204.25,150.011719,3695100
21-03-2012,204.320007,205.770004,204.300003,204.690002,150.334885,3329900
22-03-2012,204,205.990005,203.960007,205.490005,150.922455,3307800
23-03-2012,205.889999,205.960007,204.559998,205.479996,150.9151,3036200
26-03-2012,206.449997,207.919998,206.320007,207.770004,152.597031,3418200
27-03-2012,208.460007,208.660004,207,207.179993,152.163681,2704500
28-03-2012,207.440002,208.690002,206.270004,207.289993,152.244461,3265700
29-03-2012,206.089996,208.5,206.020004,208.270004,152.964233,3403700
30-03-2012,208.740005,209.119995,208.009995,208.649994,153.243301,3215200
02-04-2012,208.960007,209.690002,208.089996,209.470001,153.845566,3387900
03-04-2012,209.309998,210.690002,208.539993,209.5,153.867584,4091500
04-04-2012,206.220001,206.979996,205.190002,206.050003,151.333771,4404000
05-04-2012,205.149994,205.679993,204.460007,205.470001,150.907761,3809000
09-04-2012,204.399994,206.169998,203.369995,204.940002,150.518509,3326900
10-04-2012,204.940002,205.740005,202.169998,202.330002,148.601578,4132900
11-04-2012,203.990005,204.320007,202.460007,202.580002,148.785217,3366200
12-04-2012,202.800003,205.559998,202.639999,205.320007,150.797562,2929600
13-04-2012,204.320007,204.649994,202.800003,202.800003,148.946747,3767000
16-04-2012,204.740005,205.970001,202.720001,202.720001,148.888016,3826600
17-04-2012,204.570007,207.639999,204.149994,207.449997,152.361969,6065500
18-04-2012,202.429993,204.070007,200,200.130005,146.985825,10153500
19-04-2012,200.029999,201.259995,197.520004,199.509995,146.530426,5762900
20-04-2012,199.830002,200.119995,199.089996,199.600006,146.596558,4758200
23-04-2012,197.889999,199.100006,196.789993,198.619995,145.876785,3618800
24-04-2012,199.059998,202.479996,198.869995,200,146.890335,5626300
25-04-2012,202.020004,203.690002,201.800003,203.570007,149.512314,4003400
26-04-2012,203.399994,206.210007,203.399994,205.580002,150.988586,3302700
27-04-2012,206.470001,208.169998,205.910004,206.809998,151.891953,3496900
30-04-2012,206.710007,207.960007,206.320007,207.080002,152.09024,2773200
01-05-2012,207.179993,208.929993,206.710007,208,152.7659,2715900
02-05-2012,206.970001,208.270004,206.910004,208.059998,152.809982,2360300
03-05-2012,208.270004,208.919998,206.550003,207.240005,152.207748,2826600
04-05-2012,206.470001,207.110001,204.399994,204.990005,150.555252,4023600
07-05-2012,203.960007,204.770004,202.899994,203.75,149.644501,3373400
08-05-2012,202.440002,203.059998,199.720001,201.479996,148.597244,3881500
09-05-2012,199.990005,203,199.059998,201.229996,148.412827,3742500
10-05-2012,201,203.25,200.020004,200.600006,147.948181,3830500
11-05-2012,199.960007,202.119995,199.949997,201.169998,148.368591,2391500
14-05-2012,199.919998,200.710007,198.559998,199.440002,147.092651,3029200
15-05-2012,199.440002,201.470001,198.759995,199.039993,146.797668,2987400
16-05-2012,199.419998,201.350006,198.179993,199.729996,147.306519,5001000
17-05-2012,199.669998,200.789993,197.639999,197.889999,145.949493,5626300
18-05-2012,198.779999,198.779999,195.160004,195.880005,144.467072,5737100
21-05-2012,195.979996,197.929993,194.630005,197.759995,145.853592,3831700
22-05-2012,198.039993,198.259995,196.059998,196.820007,145.160355,3567100
23-05-2012,195.529999,196.490005,193.199997,196.119995,144.644089,4100000
24-05-2012,195.990005,196.279999,194,196.089996,144.621979,3569300
25-05-2012,195.110001,196,194,194.300003,143.301773,2901900
29-05-2012,195.220001,198.080002,195.220001,196.460007,144.894791,3618500
30-05-2012,194.800003,195.470001,193.770004,194.529999,143.471405,3602500
31-05-2012,194.100006,194.929993,192,192.899994,142.269241,9287500
01-06-2012,190.119995,191.720001,188.600006,189.080002,139.451843,5206400
04-06-2012,188.339996,189.380005,187,188.539993,139.053619,4624500
05-06-2012,187.919998,189.850006,187.559998,189.199997,139.540344,3556500
06-06-2012,190.779999,194,190.020004,193.990005,143.07312,3641300
07-06-2012,195.279999,195.830002,193.940002,194.440002,143.40506,3701100
08-06-2012,193.710007,195.139999,192.699997,195.139999,143.921295,2479200
11-06-2012,196.600006,196.699997,192.369995,192.509995,141.981613,3273300
12-06-2012,192.139999,194.669998,192.139999,194.550003,143.48616,3023700
13-06-2012,194.360001,195.190002,192.350006,193.100006,142.416718,3247700
14-06-2012,193,195.830002,192.740005,195.100006,143.8918,3585000
15-06-2012,196.080002,199.270004,195.399994,199.100006,146.841934,6389000
18-06-2012,197.570007,199.639999,197.169998,198.289993,146.244492,3378900
19-06-2012,198.830002,199.990005,198.800003,198.929993,146.716522,3297600
20-06-2012,198.699997,199.740005,197.5,198.779999,146.605911,3378200
21-06-2012,199.070007,199.449997,193.190002,193.389999,142.63063,4316600
22-06-2012,193.869995,194.880005,193.220001,193.699997,142.859283,8823000
25-06-2012,192.479996,193.389999,191.679993,192.860001,142.239731,3211600
26-06-2012,193.539993,193.679993,190.75,191.949997,141.568588,3435900
27-06-2012,192.139999,193.699997,190.899994,193,142.342987,2762700
28-06-2012,191.229996,192.080002,188.899994,191.399994,141.162933,3967300
29-06-2012,194.550003,195.809998,192.410004,195.580002,144.245789,5259600
02-07-2012,196.360001,197.199997,194.850006,195.830002,144.430191,2827000
03-07-2012,195.460007,196.339996,194.910004,195.929993,144.503906,1450400
05-07-2012,194.880005,196.850006,193.630005,195.289993,144.031921,2690200
06-07-2012,193.919998,193.940002,189.740005,191.410004,141.170364,4952900
09-07-2012,190.759995,191,188.050003,189.669998,139.887024,3988100
10-07-2012,190.300003,191.139999,185.600006,186.259995,137.37207,4690300
11-07-2012,186.220001,187.360001,183.509995,185.25,136.627167,5456100
12-07-2012,184.25,184.389999,181.850006,183.089996,135.034088,4931300
13-07-2012,183.460007,186.330002,183.029999,186.009995,137.187668,3933000
16-07-2012,185.580002,186.100006,184.580002,184.789993,136.287872,3144400
17-07-2012,185.729996,186.289993,183.199997,183.649994,135.447067,5158600
18-07-2012,184.149994,188.589996,183.550003,188.25,138.839737,8019500
19-07-2012,193.399994,196.850006,192.970001,195.339996,144.068787,10395400
20-07-2012,194.089996,194.899994,192.169998,192.449997,141.937347,4789700
23-07-2012,189.779999,191.300003,188.199997,190.830002,140.742523,3904500
24-07-2012,190.919998,191.320007,188.559998,190.339996,140.381134,3597100
25-07-2012,190.309998,192.770004,189.320007,191.080002,140.926926,3833800
26-07-2012,193.490005,194.949997,192.570007,193.949997,143.043625,3282900
27-07-2012,195.100006,197.410004,193.949997,196.389999,144.843216,4177300
30-07-2012,196.320007,197.839996,195.919998,196.679993,145.057083,2787000
31-07-2012,196.5,197.580002,195.880005,195.979996,144.540833,3507000
01-08-2012,196.960007,197.850006,194.720001,195.179993,143.95076,2559300
02-08-2012,194.160004,196.600006,193.020004,194.449997,143.412415,2812600
03-08-2012,196.479996,198.949997,196.160004,198.520004,146.414108,3278100
06-08-2012,198.759995,199.940002,198.520004,198.759995,146.591095,2337800
07-08-2012,199.429993,200.880005,198.800003,199.929993,147.454056,3209400
08-08-2012,198.270004,199.690002,198.160004,199.029999,147.417023,2068300
09-08-2012,198.619995,199.460007,197.889999,198.419998,146.965225,2160100
10-08-2012,197.869995,199.369995,197.240005,199.289993,147.609589,2600500
13-08-2012,198.880005,199.979996,197.789993,199.009995,147.402206,2418300
14-08-2012,198.880005,199.330002,197.720001,198.289993,146.868927,2562300
15-08-2012,198.899994,199.330002,197.919998,198.399994,146.950378,2111800
16-08-2012,198.770004,201.320007,198.119995,200.839996,148.75769,2729500
17-08-2012,201.080002,202,200.660004,201.220001,149.039139,2551800
20-08-2012,200.690002,201.130005,200.029999,200.5,148.505768,2336000
21-08-2012,200.990005,201,198.369995,198.649994,147.13559,3111300
22-08-2012,198.639999,198.649994,196.899994,197.25,146.098618,3296100
23-08-2012,197.039993,197.369995,195.440002,195.699997,144.950546,2757400
24-08-2012,194.960007,198.110001,194.199997,197.770004,146.483765,2639500
27-08-2012,197.960007,198.300003,195.610001,195.690002,144.943146,2498800
28-08-2012,195.559998,196.110001,194.5,194.869995,144.335754,2539200
29-08-2012,195.130005,196.039993,194.899994,195.080002,144.491333,2141400
30-08-2012,194.770004,195.470001,193.179993,193.369995,143.224792,2740900
31-08-2012,194.309998,195.949997,193.460007,194.850006,144.320984,3193300
04-09-2012,196.610001,197.169998,193.25,194.539993,144.091324,4514400
05-09-2012,194.410004,195.850006,193.889999,195.039993,144.461685,3312500
06-09-2012,196.259995,199.460007,196.110001,199.100006,147.468872,3931700
07-09-2012,199.119995,199.5,198.080002,199.5,147.765106,3413700
10-09-2012,199.389999,201.820007,198.729996,200.949997,148.839127,4208000
11-09-2012,200.550003,203.460007,200.509995,203.270004,150.557495,3910600
12-09-2012,203.520004,204.649994,202.960007,203.770004,150.927856,3284000
13-09-2012,204.380005,206.809998,203.460007,206.360001,152.846191,3879600
14-09-2012,206.240005,207.649994,206.050003,206.809998,153.179489,4057100
17-09-2012,205.550003,207.990005,205.550003,207.149994,153.431335,3275100
18-09-2012,206.880005,207.880005,206.479996,207.070007,153.372086,2476100
19-09-2012,207.550003,207.570007,206.009995,206.429993,152.897995,2605600
20-09-2012,205.850006,206.990005,205.300003,206.179993,152.71286,3739100
21-09-2012,207.360001,207.940002,205.919998,205.979996,152.564728,12771500
24-09-2012,205.020004,206.059998,204.899994,205.289993,152.05365,3511100
25-09-2012,205.600006,207.320007,204.949997,204.979996,151.824036,3345200
26-09-2012,205.050003,205.979996,203.899994,204,151.09819,3423300
27-09-2012,204.369995,206.899994,204.139999,205.910004,152.512863,2771900
28-09-2012,205.660004,208.320007,205.309998,207.449997,153.653488,4910900
01-10-2012,208.009995,211.75,207.940002,210.470001,155.890381,5456900
02-10-2012,210.960007,211.470001,208.5,209.839996,155.423737,3321000
03-10-2012,209.940002,211.300003,209.300003,210.509995,155.920013,3192300
04-10-2012,210.279999,210.970001,208.529999,210.389999,155.8311,2957500
05-10-2012,211.149994,211.789993,210.059998,210.589996,155.979248,2858400
08-10-2012,210.020004,210.639999,209.210007,209.820007,155.408936,1982600
09-10-2012,209.949997,210.740005,207.699997,207.990005,154.053497,3580400
10-10-2012,207.820007,208.229996,205.050003,205.820007,152.446228,4024500
11-10-2012,206.570007,207.270004,205.630005,205.759995,152.401764,2910000
12-10-2012,205.639999,207.960007,205.559998,207.800003,153.912735,2712000
15-10-2012,208.880005,209.399994,207.820007,208.929993,154.749741,3060900
16-10-2012,209.940002,211,209.470001,211,156.282928,5632100
17-10-2012,201.210007,203.410004,198.550003,200.630005,148.602112,12673900
18-10-2012,199.910004,200.139999,194.070007,194.960007,144.402451,9295900
19-10-2012,195.289993,196.080002,193.179993,193.360001,143.217377,6620300
22-10-2012,193.710007,194.679993,192.440002,194.399994,143.987686,4402500
23-10-2012,193.529999,194,190.940002,191.25,141.654541,4427400
24-10-2012,192.440002,193.289993,190.559998,190.720001,141.261993,3738000
25-10-2012,191.410004,192.440002,190.710007,191.600006,141.913773,3249600
26-10-2012,191.490005,193.869995,191.470001,193.270004,143.150711,4006500
31-10-2012,194.800003,196.410004,193.630005,194.529999,144.083969,6052300
01-11-2012,194.679993,197.889999,194.550003,197.149994,146.024536,3758800
02-11-2012,197.529999,198,193.289993,193.429993,143.269241,4260100
05-11-2012,192.360001,194.970001,192.009995,194.139999,143.79512,2736200
06-11-2012,195.259995,196.75,194.679993,195.070007,144.483932,3281000
07-11-2012,193.360001,193.679993,191.160004,191.160004,142.20752,4746200
08-11-2012,191.399994,191.809998,190.089996,190.100006,141.419022,3542200
09-11-2012,189.850006,191.639999,188.880005,189.639999,141.076752,3671600
12-11-2012,190.029999,190.770004,187.410004,189.25,140.786667,3067400
13-11-2012,188.389999,190.880005,188.25,188.320007,140.094788,3406700
14-11-2012,189.139999,189.270004,185.279999,185.509995,138.004379,4404400
15-11-2012,185.830002,187.199997,184.779999,185.850006,138.257309,3411700
16-11-2012,186.330002,187.559998,185.100006,186.940002,139.068222,4660800
19-11-2012,188.619995,190.389999,188.300003,190.350006,141.604996,3588900
20-11-2012,189.880005,190.110001,188.25,189.199997,140.749466,3170200
21-11-2012,189.300003,190.889999,188.949997,190.289993,141.560333,5189600
23-11-2012,191,193.490005,190.800003,193.490005,143.940857,3877600
26-11-2012,192.449997,193.369995,191.770004,192.880005,143.487091,5210300
27-11-2012,192.080002,193.050003,191,191.229996,142.259613,3290900
28-11-2012,190.979996,192.039993,189.270004,191.979996,142.817551,3603600
29-11-2012,192.75,192.899994,190.199997,191.529999,142.482803,4077900
30-11-2012,191.75,192,189.5,190.070007,141.396652,4936400
03-12-2012,190.759995,191.300003,188.360001,189.479996,140.957764,3349600
04-12-2012,189.710007,190.75,189.020004,189.360001,140.8685,3990700
05-12-2012,189.009995,189.460007,186.940002,188.649994,140.340286,4202100
06-12-2012,189.169998,190.179993,188.410004,189.699997,141.121399,3216600
07-12-2012,190.139999,192.199997,190.110001,191.949997,142.795242,4091300
10-12-2012,192.169998,193.539993,191.649994,192.619995,143.293655,3438500
11-12-2012,193.179993,194.800003,193.149994,194.199997,144.469055,4144000
12-12-2012,194.600006,194.75,192.460007,192.949997,143.539108,4241900
13-12-2012,192.179993,193.050003,191.369995,191.990005,142.824982,3623200
14-12-2012,191.690002,193.399994,191.259995,191.759995,142.653885,3826900
17-12-2012,191.759995,193.910004,191.759995,193.619995,144.037552,3792400
18-12-2012,193.850006,195.919998,193.839996,195.690002,145.577499,4125900
19-12-2012,195.460007,196.449997,195,195.080002,145.123703,4270500
20-12-2012,194.470001,194.949997,193.160004,194.770004,144.893066,4184500
21-12-2012,193.100006,194.5,191.570007,193.419998,143.888824,8225300
24-12-2012,193.050003,193.830002,192.020004,192.399994,143.12999,1631200
26-12-2012,192.210007,193.529999,190.949997,191.949997,142.795242,2776500
27-12-2012,191.529999,193.279999,190.699997,192.710007,143.360626,3967600
28-12-2012,191.110001,192.220001,189.830002,189.830002,141.218124,3536600
31-12-2012,189.229996,191.679993,188.839996,191.550003,142.49765,4684900
02-01-2013,194.089996,196.350006,193.800003,196.350006,146.068481,4234100
03-01-2013,195.669998,196.289993,194.440002,195.270004,145.265015,3644700
04-01-2013,194.190002,194.460007,192.779999,193.990005,144.31282,3380200
07-01-2013,193.399994,193.779999,192.339996,193.139999,143.680496,2862300
08-01-2013,192.919998,193.300003,191.600006,192.869995,143.479645,3026900
09-01-2013,193.479996,193.490005,191.649994,192.320007,143.070541,3212000
10-01-2013,192.649994,192.960007,191.279999,192.880005,143.487091,3608100
11-01-2013,194.149994,195,192.899994,194.449997,144.655029,3880400
14-01-2013,192.820007,193.279999,191.75,192.619995,143.293655,4172200
15-01-2013,191.309998,192.729996,190.389999,192.5,143.204376,4172100
16-01-2013,192,193.179993,191.350006,192.589996,143.271347,2962900
17-01-2013,193.850006,194.460007,193.240005,193.649994,144.059891,3881600
18-01-2013,194.029999,195,193.800003,194.470001,144.669876,4559600
22-01-2013,194.360001,196.080002,194.009995,196.080002,145.867599,7172300
23-01-2013,203.5,208.580002,203.360001,204.720001,152.29509,12530500
24-01-2013,203.910004,205.059998,203.080002,204.419998,152.07193,4447200
25-01-2013,204.449997,205.179993,204.130005,204.970001,152.481079,3358900
28-01-2013,204.850006,206.220001,204.289993,204.929993,152.451279,2823700
29-01-2013,204.339996,205.729996,203.639999,203.899994,151.685043,3617100
30-01-2013,203.690002,204.880005,203.190002,203.520004,151.402359,2998400
31-01-2013,203.320007,204.470001,202.960007,203.070007,151.067612,3091400
01-02-2013,204.649994,205.350006,203.839996,205.179993,152.637283,3370700
04-02-2013,204.190002,205.020004,203.570007,203.789993,151.60318,3188800
05-02-2013,204.309998,204.75,202.509995,202.789993,150.859299,3636900
06-02-2013,200.389999,201.289993,199.559998,201.020004,150.172012,3624200
07-02-2013,200.619995,200.910004,198.679993,199.740005,149.21579,3076700
08-02-2013,199.970001,202.089996,199.679993,201.679993,150.6651,2893300
11-02-2013,200.979996,201.949997,199.75,200.160004,149.529572,2944700
12-02-2013,200.009995,200.740005,199.020004,200.039993,149.439926,2461800
13-02-2013,200.649994,200.949997,199.570007,200.089996,149.477249,2169800
14-02-2013,199.729996,200.320007,199.259995,199.649994,149.148575,3294200
15-02-2013,199.979996,201.25,199.820007,200.979996,150.142166,3627800
19-02-2013,200.600006,201.889999,200.220001,200.320007,149.649078,2998300
20-02-2013,200.619995,201.720001,198.860001,199.309998,148.894562,3715400
21-02-2013,198.630005,199.070007,198.110001,198.330002,148.162445,3922900
22-02-2013,199.229996,201.089996,198.839996,201.089996,150.224304,3107900
25-02-2013,201.669998,202.490005,197.509995,197.509995,147.549896,3844800
26-02-2013,198.630005,199.899994,197.839996,199.139999,148.767563,3391600
27-02-2013,198.889999,202.75,198.600006,202.330002,151.150665,4185100
28-02-2013,202.179993,203.119995,200.789993,200.830002,150.030106,4689200
01-03-2013,200.649994,202.940002,199.360001,202.910004,151.583954,3308300
04-03-2013,202.589996,205.190002,202.550003,205.190002,153.287231,3693400
05-03-2013,205.860001,207.699997,205.690002,206.529999,154.288269,3807800
06-03-2013,207.029999,208.490005,206.660004,208.380005,155.670319,3594800
07-03-2013,208.289993,209.600006,208.240005,209.419998,156.44725,3884400
08-03-2013,209.850006,210.740005,209.429993,210.380005,157.164413,3700500
11-03-2013,210.039993,210.199997,209.039993,210.080002,156.940292,3049700
12-03-2013,209.399994,210.729996,209.089996,210.550003,157.291443,3591600
13-03-2013,210.199997,212.360001,209.770004,212.059998,158.419479,3355900
14-03-2013,212.149994,215.860001,212.149994,215.800003,161.213455,5505500
15-03-2013,215.380005,215.899994,213.410004,214.919998,160.556015,7930300
18-03-2013,212.899994,214.5,212.639999,213.210007,159.27861,3006000
19-03-2013,214.130005,215.119995,211.830002,213.440002,159.450363,3198600
20-03-2013,214.759995,215.820007,214.300003,215.059998,160.660614,3019000
21-03-2013,212.960007,213,210.110001,212.259995,158.568893,5830400
22-03-2013,212.210007,213.169998,211.619995,212.080002,158.434418,3031500
25-03-2013,212.539993,212.809998,210.050003,210.740005,157.43335,3242500
26-03-2013,211.770004,212.5,211.5,212.360001,158.643585,2300300
27-03-2013,210.960007,212.160004,210.100006,210.889999,157.54538,3223400
28-03-2013,209.830002,213.440002,209.740005,213.300003,159.345795,3749900
01-04-2013,212.800003,213.5,211.25,212.380005,158.658554,2144500
02-04-2013,212.919998,214.710007,211.570007,214.360001,160.13765,3116800
03-04-2013,214.320007,214.889999,212.630005,212.660004,158.867706,3128800
04-04-2013,212.770004,212.929993,210.039993,211.309998,157.859207,3709500
05-04-2013,209.100006,209.839996,206.339996,209.410004,156.439743,4148000
08-04-2013,209.070007,209.320007,207.330002,209.320007,156.372574,2351200
09-04-2013,209.559998,210,208.610001,209.220001,156.297806,2577300
10-04-2013,211.860001,212.509995,210.470001,212,158.374649,3524200
11-04-2013,211.5,213.089996,210.850006,212.919998,159.061935,3655600
12-04-2013,210.789993,211.490005,209.779999,211.380005,157.911438,3165400
15-04-2013,210.440002,211.690002,209.259995,209.259995,156.327713,4218100
16-04-2013,210.839996,212,209.199997,212,158.374649,2859500
17-04-2013,210.529999,211.089996,209.5,209.669998,156.634018,3269800
18-04-2013,210.110001,210.25,206.149994,207.149994,154.751434,6502000
19-04-2013,195.740005,196.5,189.759995,190,141.939529,18847000
22-04-2013,191.149994,191.380005,187.679993,187.830002,140.318436,9845400
23-04-2013,189.270004,192.550003,188.610001,191.610001,143.142288,6296100
24-04-2013,192.160004,192.5,191.089996,191.710007,143.217026,3693900
25-04-2013,192.690002,195.169998,192.320007,193.949997,144.890366,4650900
26-04-2013,194.160004,194.710007,193.25,194.309998,145.159317,3490300
29-04-2013,194.779999,199.679993,194.649994,199.149994,148.77504,5932400
30-04-2013,199.130005,202.589996,197.350006,202.539993,151.307556,7539900
01-05-2013,201.869995,202.169998,199.199997,199.630005,149.133652,4899100
02-05-2013,200.119995,202.429993,199.75,202.389999,151.19548,3945100
03-05-2013,203.940002,205.320007,203.75,204.509995,152.779221,4492700
06-05-2013,203.789993,203.990005,201.520004,202.779999,151.486862,4826500
07-05-2013,202.809998,203.729996,201.649994,203.630005,152.121826,3451000
08-05-2013,202.940002,204.850006,202.509995,204.820007,153.727997,3601700
09-05-2013,204.690002,205,202.720001,203.240005,152.542175,3542300
10-05-2013,203.369995,204.529999,202.820007,204.470001,153.465317,3279200
13-05-2013,204.179993,204.470001,202.220001,202.470001,151.964264,3648400
14-05-2013,202.089996,203.669998,202.080002,203.210007,152.519638,3699700
15-05-2013,202.25,203.679993,202.039993,203.320007,152.602173,4028100
16-05-2013,204,206.589996,204,204.690002,153.630402,4507000
17-05-2013,205.25,209.5,204.990005,208.440002,156.444992,5704100
20-05-2013,208.020004,209.149994,207.419998,207.600006,155.814545,3614500
21-05-2013,207.240005,209.479996,207,208.649994,156.602585,2982900
22-05-2013,208.5,210.149994,206.119995,206.990005,155.356689,5186800
23-05-2013,205.479996,208.610001,205.130005,206.160004,154.733734,5179100
24-05-2013,204.690002,206.429993,204.419998,205.720001,154.403519,3295800
28-05-2013,207.440002,208.589996,207.160004,207.779999,155.949631,4011500
29-05-2013,206.220001,208.419998,206.039993,207.919998,156.054749,3439400
30-05-2013,206.970001,210.990005,206.970001,209.360001,157.135498,4399700
31-05-2013,208.589996,211.979996,208.020004,208.020004,156.12973,4949000
03-06-2013,208.25,210.050003,207.330002,208.949997,156.827789,3322000
04-06-2013,208.600006,209,205.080002,206.190002,154.756287,3598300
05-06-2013,205.160004,206.289993,202.399994,202.740005,152.16687,4215400
06-06-2013,203,204.199997,201.470001,203.800003,152.962479,3679400
07-06-2013,204.850006,206.350006,204.110001,206.350006,154.876343,2953400
10-06-2013,206.970001,206.979996,204.899994,205.020004,153.878098,2652300
11-06-2013,203.169998,205.949997,202.509995,203.979996,153.097519,2814400
12-06-2013,204.589996,205.229996,200.509995,201.199997,151.011017,3409800
13-06-2013,201.009995,204.399994,200.339996,203.770004,152.939941,2899500
14-06-2013,203.970001,204.740005,201.809998,202.199997,151.761597,2804500
17-06-2013,203.440002,205.169998,202.550003,203.039993,152.391998,3219900
18-06-2013,203.020004,206.089996,202.869995,204.869995,153.765533,3277800
19-06-2013,204.440002,205.029999,201.929993,201.940002,151.566437,2846100
20-06-2013,200.669998,201.699997,197.279999,197.350006,148.121399,4514800
21-06-2013,198.5,198.520004,193.539993,195.460007,146.702835,8914800
24-06-2013,193.990005,194.910004,191.339996,193.539993,145.261795,4356200
25-06-2013,195.309998,195.589996,193.149994,194.979996,146.342575,3846200
26-06-2013,195.970001,196.229996,194.5,194.860001,146.252518,3320200
27-06-2013,196.050003,196.899994,195.289993,195.649994,146.845398,3514200
28-06-2013,191.729996,192.660004,188.410004,191.110001,143.437958,10055800
01-07-2013,192.149994,193.800003,191.119995,191.279999,143.565521,4442400
02-07-2013,190.779999,193.229996,190.259995,191.5,143.730652,3657700
03-07-2013,190.979996,194.220001,190.509995,193.25,145.044113,1872600
05-07-2013,194.490005,195.160004,192.350006,194.929993,146.305023,2405400
08-07-2013,195.600006,195.779999,194.610001,194.979996,146.342575,2947500
09-07-2013,191.880005,192.800003,190.779999,191.300003,143.580536,5204200
10-07-2013,191.509995,193.429993,191.270004,192.25,144.293549,3892000
11-07-2013,193.779999,194.110001,192.610001,192.800003,144.70639,4177500
12-07-2013,193.070007,193.699997,191.589996,192.070007,144.158478,4494700
15-07-2013,192.419998,194.889999,191.679993,194,145.60704,5674700
16-07-2013,194.039993,194.580002,192.679993,193.850006,145.494492,3745300
17-07-2013,194.720001,194.889999,193.029999,194.550003,146.019852,6868400
18-07-2013,198.270004,200.940002,195.990005,197.990005,148.601761,8393400
19-07-2013,197.910004,197.990005,193.240005,193.539993,145.261795,6997600
22-07-2013,193.399994,195.789993,193.279999,194.089996,145.674576,3398000
23-07-2013,194.210007,196.429993,194.100006,194.979996,146.342575,2863800
24-07-2013,195.949997,197.300003,195.860001,196.610001,147.565994,2957900
25-07-2013,196.300003,197.830002,195.660004,197.220001,148.023819,3014300
26-07-2013,196.589996,197.369995,195,197.350006,148.121399,2485100
29-07-2013,196.830002,197.190002,195.529999,196.210007,147.265778,2113700
30-07-2013,196.990005,197.830002,195.809998,196.009995,147.115646,2663200
31-07-2013,194.490005,196.910004,194.490005,195.039993,146.387604,3810000
01-08-2013,196.649994,197.169998,195.410004,195.809998,146.9655,2877700
02-08-2013,195.5,195.5,193.220001,195.160004,146.477737,3874000
05-08-2013,195.160004,195.880005,194.350006,195.5,146.732864,2490900
06-08-2013,192.259995,192.509995,190.270004,190.990005,143.347916,5938500
07-08-2013,189.600006,189.929993,188.050003,188.559998,142.231461,3901700
08-08-2013,189.449997,189.869995,186.789993,187.929993,141.756302,4547600
09-08-2013,188,189.160004,187,187.820007,141.67334,3249600
12-08-2013,186.970001,189.559998,186.889999,189.089996,142.631302,3026500
13-08-2013,189.539993,189.990005,187.559998,188.419998,142.125916,3542900
14-08-2013,188.580002,188.929993,187.300003,187.529999,141.454544,2892300
15-08-2013,186.229996,187,185.449997,185.789993,140.14212,3692400
16-08-2013,185.539993,186.460007,185.339996,185.339996,139.802612,3426400
19-08-2013,185.300003,186.5,183.979996,184.229996,138.965378,3248900
20-08-2013,184.369995,185.630005,183.169998,184.559998,139.214279,3117800
21-08-2013,184.669998,186.570007,184.279999,184.860001,139.440613,3551000
22-08-2013,185.649994,186.25,184.25,185.190002,139.689499,2354300
23-08-2013,185.339996,185.740005,184.570007,185.419998,139.862976,2292700
26-08-2013,185.270004,187,184.679993,184.740005,139.350067,2170400
27-08-2013,183.630005,184.5,182.570007,182.740005,137.841476,3190700
28-08-2013,182.679993,183.470001,181.100006,182.160004,137.403915,3979200
29-08-2013,181.960007,183.699997,181.440002,182.639999,137.766037,2980900
30-08-2013,182.75,182.990005,181.509995,182.270004,137.486954,2731000
03-09-2013,183.630005,184.320007,182.509995,183.960007,138.761703,3487200
04-09-2013,183.580002,184.190002,182.309998,183.130005,138.135681,2597900
05-09-2013,183.350006,185,183.070007,184.149994,138.905014,2867600
06-09-2013,184.649994,184.990005,182.649994,183.029999,138.060196,2903500
09-09-2013,183.679993,185.490005,183.309998,184.979996,139.531097,3017200
10-09-2013,187.199997,187.649994,186.369995,186.600006,140.753052,3149600
11-09-2013,186.830002,190.869995,186.820007,190.699997,143.845734,4962900
12-09-2013,190.960007,191.320007,189.850006,190.729996,143.868332,3354800
13-09-2013,191.210007,193.100006,191,192.169998,144.954514,3710400
16-09-2013,193.699997,194.809998,192.610001,193.149994,145.693787,3902400
17-09-2013,193.419998,194.149994,191.830002,192.160004,144.947021,2930900
18-09-2013,192.600006,194.889999,192,194.419998,146.651749,3841800
19-09-2013,194.179993,194.889999,193.220001,193.389999,145.874786,3178100
20-09-2013,193.960007,194.429993,190.020004,190.020004,143.332825,8525900
23-09-2013,190.059998,192.410004,189.330002,190.990005,144.064499,3340800
24-09-2013,190.929993,191.559998,189.660004,189.970001,143.295074,3085300
25-09-2013,190.139999,190.619995,188.5,189.470001,142.917923,2654500
26-09-2013,190.100006,191.759995,189.460007,190.220001,143.483627,2093600
27-09-2013,188.869995,188.940002,186.449997,186.919998,140.994461,3905500
30-09-2013,185.559998,186.740005,184.339996,185.179993,139.681961,3978200
01-10-2013,185.339996,186.649994,184.649994,186.380005,140.587143,2681200
02-10-2013,185.539993,186.309998,184.410004,184.960007,139.516006,3617100
03-10-2013,184.699997,184.960007,183,183.860001,138.686264,3211800
04-10-2013,184.169998,185.130005,183.580002,184.100006,138.86731,2863600
07-10-2013,181.850006,183.309998,181.850006,182.009995,137.290833,3966400
08-10-2013,181.889999,181.990005,178.710007,178.720001,134.809174,5578300
09-10-2013,179.369995,181.669998,179.100006,181.320007,136.770309,4423500
10-10-2013,183.169998,184.770004,182.360001,184.770004,139.372711,3658900
11-10-2013,185.25,186.229996,184.119995,186.160004,140.421143,3232600
14-10-2013,185.410004,186.990005,184.419998,186.970001,141.032211,2663100
15-10-2013,185.740005,185.940002,184.220001,184.660004,139.289764,3365100
16-10-2013,185.419998,186.729996,184.990005,186.729996,140.851151,6718000
17-10-2013,173.839996,177,172.570007,174.830002,131.874908,22368900
18-10-2013,174.800003,175,173.25,173.779999,131.08287,10548000
21-10-2013,174.419998,174.75,172.630005,172.860001,130.388931,7098700
22-10-2013,173.350006,175.570007,172.949997,174.970001,131.98053,6977300
23-10-2013,175.089996,175.990005,174.399994,175.770004,132.583984,5409400
24-10-2013,176.429993,177.889999,176.25,177.800003,134.115189,5533300
25-10-2013,178.429993,179.100006,176.259995,176.850006,133.398575,4842800
28-10-2013,177.039993,177.889999,176.199997,177.350006,133.775742,3712700
29-10-2013,177.619995,182.320007,177.5,182.119995,137.37384,8904600
30-10-2013,181.690002,182.179993,179.860001,180.149994,135.887756,5273700
31-10-2013,179.649994,181.669998,179.039993,179.210007,135.178757,4318100
01-11-2013,179.809998,180.339996,178.880005,179.229996,135.193863,3644500
04-11-2013,179.899994,180.800003,179.339996,180.270004,135.978348,3483300
05-11-2013,179.539993,179.800003,177.710007,177.850006,134.152893,6096800
06-11-2013,177.910004,179.75,177.779999,179.190002,135.889511,4560700
07-11-2013,179.600006,181.389999,179.600006,180,136.503815,5219500
08-11-2013,178.830002,180.080002,177.350006,179.990005,136.496292,6275000
11-11-2013,180.190002,183.389999,180.039993,182.880005,138.687912,5222300
12-11-2013,182.529999,184.050003,182.259995,183.070007,138.832016,4258500
13-11-2013,182.270004,183.550003,181.589996,183.550003,139.195953,4704400
14-11-2013,180.479996,183.199997,179.660004,182.210007,138.179779,6321500
15-11-2013,182.380005,183.279999,181.160004,183.190002,138.922958,5176100
18-11-2013,183.520004,184.990005,183.270004,184.470001,139.893646,5344900
19-11-2013,184.630005,186.199997,184.149994,185.25,140.485199,4577000
20-11-2013,185.220001,186.240005,184.649994,185.190002,140.439697,3645800
21-11-2013,185.539993,185.75,183.410004,184.130005,139.635788,4459500
22-11-2013,183.5,184.990005,179.919998,181.300003,137.4897,7610200
25-11-2013,180.25,180.75,177.820007,178.940002,135.699966,7161900
26-11-2013,178.669998,178.940002,177.309998,177.309998,134.463867,5756000
27-11-2013,177.830002,180.179993,177.820007,178.970001,135.722672,4596500
29-11-2013,179.210007,180.759995,179,179.679993,136.261093,2870500
02-12-2013,179.460007,179.589996,177.119995,177.479996,134.592789,4560000
03-12-2013,177,178.229996,175.639999,176.080002,133.531036,5864000
04-12-2013,175.369995,177.5,175.160004,175.740005,133.273224,5267400
05-12-2013,176.149994,176.860001,175.279999,176.080002,133.531036,4384900
06-12-2013,176.699997,178,176.009995,177.669998,134.736847,4739800
09-12-2013,177.990005,178.149994,176.830002,177.460007,134.577621,3796600
10-12-2013,176.899994,177.669998,176.059998,177.119995,134.319748,4127800
11-12-2013,177,177.759995,175.100006,175.199997,132.863724,4090400
12-12-2013,175.059998,175.800003,173.300003,173.369995,131.475906,5671600
13-12-2013,173.520004,174.380005,172.729996,172.800003,131.043671,4184400
16-12-2013,173.220001,178.350006,172.729996,177.850006,134.873367,7517000
17-12-2013,177.360001,177.490005,175.119995,175.759995,133.288361,5471900
18-12-2013,176.449997,178.740005,174.850006,178.699997,135.51796,5697700
19-12-2013,177.880005,180.539993,177.880005,180.220001,136.67067,5927000
20-12-2013,180.119995,182,180.020004,180.020004,136.518982,7653500
23-12-2013,181.050003,182.929993,180.610001,182.229996,138.194946,4079900
24-12-2013,181.960007,183.5,181.910004,183.220001,138.945709,1613600
26-12-2013,183.559998,185.559998,183.509995,185.350006,140.561035,3325700
27-12-2013,185.839996,186.5,184.559998,185.080002,140.356262,3381600
30-12-2013,185.320007,186.699997,184.669998,186.410004,141.364868,3018600
31-12-2013,186.490005,187.789993,186.300003,187.570007,142.244568,3619700
02-01-2014,187.210007,187.399994,185.199997,185.529999,140.697495,4546500
03-01-2014,185.830002,187.350006,185.300003,186.639999,141.539261,4063200
06-01-2014,187.149994,187.360001,185.300003,186,141.05394,4067800
07-01-2014,186.389999,190.350006,186.380005,189.710007,143.867477,5932300
08-01-2014,189.330002,189.419998,187.259995,187.970001,142.547913,4603700
09-01-2014,189.020004,189.5,186.550003,187.380005,142.100449,4321300
10-01-2014,188.309998,188.570007,186.279999,187.259995,142.00946,4022400
13-01-2014,186.259995,186.949997,183.860001,184.160004,139.6586,5784700
14-01-2014,185.059998,186.429993,183.880005,185.919998,140.993225,4619200
15-01-2014,185.820007,188.649994,185.490005,187.740005,142.373489,4816500
16-01-2014,187.529999,188.990005,186.800003,188.759995,143.146988,4770300
17-01-2014,188.039993,190.809998,187.860001,190.089996,144.155609,7644600
21-01-2014,190.229996,190.389999,186.789993,188.429993,142.896774,11076300
22-01-2014,181.279999,183.5,179.669998,182.25,138.210129,13796100
23-01-2014,181.429993,183.720001,180.710007,182.729996,138.574127,6973900
24-01-2014,181.25,182.809998,179.639999,179.639999,136.230804,6890600
27-01-2014,179.610001,179.649994,177.660004,177.899994,134.91127,5208600
28-01-2014,178.050003,178.449997,176.160004,176.850006,134.11499,5333300
29-01-2014,175.979996,178.529999,175.889999,176.399994,133.773727,4970900
30-01-2014,177.169998,177.860001,176.360001,177.360001,134.50174,4853700
31-01-2014,176.110001,177.839996,175.339996,176.679993,133.986053,5193400
03-02-2014,176.020004,176.020004,172.720001,172.899994,131.119507,7186800
04-02-2014,173.529999,173.75,172.360001,172.839996,131.073975,4349800
05-02-2014,172.190002,174.970001,172.190002,174.240005,132.135681,4712300
06-02-2014,173.970001,174.850006,173.789993,174.669998,133.187943,4292200
07-02-2014,175.639999,177.559998,175.070007,177.25,135.155258,4692900
10-02-2014,176.970001,177.649994,176.25,177.139999,135.07135,3540400
11-02-2014,176.809998,180.389999,176.800003,179.699997,137.023422,4647300
12-02-2014,179.520004,181.25,179.259995,180.240005,137.435165,3983000
13-02-2014,178.220001,182.360001,177.860001,181.839996,138.655136,4482000
14-02-2014,181.259995,184.429993,180.990005,183.690002,140.065811,4659900
18-02-2014,183.179993,184,182.320007,183.190002,139.684555,4435200
19-02-2014,182.740005,185.649994,182.410004,182.949997,139.501572,4671500
20-02-2014,182.960007,184.860001,182.789993,184.259995,140.500412,4968200
21-02-2014,184.25,185.710007,182.619995,182.789993,139.379547,5699300
24-02-2014,182.820007,185.160004,182.820007,183.449997,139.882843,4595300
25-02-2014,183.520004,184.600006,182.880005,183.229996,139.715012,3902300
26-02-2014,183.940002,185.279999,183.559998,184.059998,140.347931,3740700
27-02-2014,183.830002,185.949997,183.809998,185.270004,141.270584,3827800
28-02-2014,185.380005,186.119995,183.649994,185.169998,141.194321,4667900
03-03-2014,183.330002,184.639999,182.820007,184.259995,140.500412,3950100
04-03-2014,185.809998,187.160004,185.679993,186.440002,142.162766,4733000
05-03-2014,186.570007,187.949997,186.399994,187.139999,142.696503,3485200
06-03-2014,187.369995,188.389999,186.899994,187.639999,143.077682,3817300
07-03-2014,188.350006,188.919998,187.179993,187.679993,143.108246,4117800
10-03-2014,187.550003,188.369995,185.850006,186.389999,142.124573,4591200
11-03-2014,187.410004,188.449997,186.039993,186.759995,142.406738,4229500
12-03-2014,186.009995,187.449997,185.889999,186.220001,141.99498,4833000
13-03-2014,186.410004,187,183.710007,183.899994,140.225922,4913200
14-03-2014,183.889999,184.289993,182.210007,182.210007,138.937256,5490300
17-03-2014,182.660004,186.350006,182.660004,185.809998,141.682327,4938100
18-03-2014,185.990005,187.899994,185.539993,186.809998,142.444839,3961300
19-03-2014,185.600006,186.699997,183.5,184.710007,140.843628,4323900
20-03-2014,184.470001,188.259995,184.169998,187.899994,143.275986,5062600
21-03-2014,188.5,188.699997,186.399994,186.669998,142.33812,12535200
24-03-2014,187.429993,189.440002,187.369995,188.25,143.542877,5738500
25-03-2014,188.759995,195.399994,188.699997,195.039993,148.720337,10912700
26-03-2014,194.979996,195.630005,191.960007,192.619995,146.875015,6851700
27-03-2014,191.910004,192.669998,189.320007,189.830002,144.74765,6767700
28-03-2014,189.940002,192.619995,189.110001,190.449997,145.220413,5194400
31-03-2014,191.639999,193.770004,191.399994,192.490005,146.775909,8537300
01-04-2014,193.119995,195.130005,192.779999,194.5,148.308563,5394100
02-04-2014,194.240005,194.5,192.490005,193.550003,147.584167,4924100
03-04-2014,193.199997,193.380005,192.350006,192.690002,146.928452,4091100
04-04-2014,193.119995,193.970001,191.279999,191.770004,146.226913,6089900
07-04-2014,191.720001,195.309998,191.570007,194.520004,148.323822,6740500
08-04-2014,193.889999,194.169998,192.690002,193.289993,147.385925,5125000
09-04-2014,193.880005,197,193.600006,196.639999,149.940323,5480100
10-04-2014,196.059998,199.210007,195.660004,195.679993,149.208313,8417900
11-04-2014,195.039993,197,194.270004,195.190002,148.834702,4835000
14-04-2014,196.240005,198.240005,195.880005,197.770004,150.802017,5431100
15-04-2014,195.979996,197.410004,195.419998,197.020004,150.230103,5351300
16-04-2014,198.050003,198.710007,195,196.399994,149.757339,8527300
17-04-2014,187.25,190.699997,187.009995,190.009995,144.884872,11249600
21-04-2014,189.800003,192.809998,189.740005,192.270004,146.608139,5419700
22-04-2014,192.009995,193,191.199997,192.149994,146.516663,3878600
23-04-2014,191.789993,192.410004,190.110001,191.729996,146.196411,4736400
24-04-2014,192.220001,192.220001,190.029999,190.220001,145.044998,4407100
25-04-2014,190.539993,190.669998,189.110001,189.630005,144.595154,3871000
28-04-2014,191.139999,193.990005,190.580002,193.139999,147.271561,5638300
29-04-2014,193.589996,195.940002,193.410004,195.110001,148.773712,4626300
30-04-2014,194.380005,196.860001,194.350006,196.470001,149.81076,4206800
01-05-2014,196.309998,196.740005,193.149994,193.529999,147.568893,3674000
02-05-2014,193.75,193.839996,191.25,191.440002,145.975327,3049900
05-05-2014,191.050003,191.490005,189.800003,191.259995,145.838058,2222100
06-05-2014,190.929993,190.949997,189.25,190.029999,144.900162,3188700
07-05-2014,189.339996,190.300003,186.929993,189.300003,145.183929,3821000
08-05-2014,189.160004,190.570007,188.229996,188.910004,144.884827,2431900
09-05-2014,188.979996,190.589996,188.369995,190.080002,145.782166,2261600
12-05-2014,191.119995,193.020004,190.940002,192.570007,147.691849,3777400
13-05-2014,192.789993,193.029999,191.759995,192.190002,147.400391,2226600
14-05-2014,191.910004,191.990005,188.169998,188.720001,144.739105,5251500
15-05-2014,189.070007,189.080002,186.179993,186.460007,143.005829,4202200
16-05-2014,186.270004,187.410004,185.929993,187.059998,143.465927,3949500
19-05-2014,186.610001,187.130005,186.039993,187,143.419937,3270700
20-05-2014,186.25,186.699997,184.699997,184.889999,141.801651,3026500
21-05-2014,185.850006,187.160004,184.949997,186.389999,142.952072,2988000
22-05-2014,186.449997,186.449997,185.029999,185.679993,142.407532,2218000
23-05-2014,185.839996,186.139999,185.309998,185.940002,142.606995,2562900
27-05-2014,184.800003,185.649994,183.929993,184.779999,141.717316,4793800
28-05-2014,184.479996,184.880005,182.940002,183.080002,140.413467,3721600
29-05-2014,183.639999,183.779999,182.330002,183.759995,140.934998,2759900
30-05-2014,183.380005,184.570007,182.490005,184.360001,141.395172,4620500
02-06-2014,184.759995,186.279999,184.669998,185.690002,142.415237,3200500
03-06-2014,185.550003,185.759995,184.119995,184.369995,141.402863,2517100
04-06-2014,184.710007,185.449997,184.199997,184.509995,141.510208,2376800
05-06-2014,184.660004,186.089996,183.919998,185.979996,142.637634,2852200
06-06-2014,186.470001,187.649994,185.899994,186.369995,142.936752,3296700
09-06-2014,186.220001,187.639999,185.960007,186.220001,142.821701,2728400
10-06-2014,186.199997,186.220001,183.820007,184.289993,141.341492,4154900
11-06-2014,183.610001,184.199997,182.009995,182.25,139.776886,4061700
12-06-2014,182.479996,182.550003,180.910004,181.220001,138.986969,4425300
13-06-2014,182,183,181.520004,182.559998,140.014648,2773600
16-06-2014,182.399994,182.710007,181.240005,182.350006,139.853607,3556200
17-06-2014,181.899994,182.809998,181.559998,182.259995,139.784561,2460900
18-06-2014,182.039993,183.610001,181.789993,183.600006,140.812317,3931800
19-06-2014,184.119995,184.470001,182.360001,182.820007,140.21405,3551100
20-06-2014,182.589996,182.669998,181.399994,181.550003,139.240051,10686800
23-06-2014,181.919998,182.25,181,182.139999,139.69252,3231700
24-06-2014,181.5,183,180.649994,180.880005,138.726166,3875400
25-06-2014,180.25,180.970001,180.059998,180.720001,138.60347,2762800
26-06-2014,180.869995,181.369995,179.270004,180.369995,138.335022,3258500
27-06-2014,179.770004,182.460007,179.660004,181.710007,139.362747,4575500
30-06-2014,181.330002,181.929993,180.259995,181.270004,139.025269,4223800
01-07-2014,181.699997,187.270004,181.699997,186.350006,142.921417,6643100
02-07-2014,186.339996,188.990005,186.169998,188.389999,144.486023,5093000
03-07-2014,188.389999,188.809998,187.350006,188.529999,144.593338,2422400
07-07-2014,187.610001,188.270004,187.440002,188.039993,144.21756,2958700
08-07-2014,187.649994,188.080002,186.369995,187.220001,143.588669,3135100
09-07-2014,187.679993,188.899994,186.889999,188.419998,144.508987,3309600
10-07-2014,186.440002,188.050003,186.210007,187.699997,143.956787,3177800
11-07-2014,187.729996,188.350006,186.710007,188,144.18689,2402500
14-07-2014,188.550003,190.440002,188.529999,189.860001,145.613403,4501100
15-07-2014,189.539993,190.080002,188.210007,188.490005,144.562698,4864700
16-07-2014,192.240005,193.360001,190.759995,192.360001,147.530777,7812600
17-07-2014,192.360001,195.949997,192,192.490005,147.630493,8872300
18-07-2014,191.960007,193.440002,190,192.5,147.638153,8166400
21-07-2014,191.300003,191.699997,189.25,190.850006,146.372681,4154400
22-07-2014,191.589996,194.720001,191.559998,194.089996,148.857635,4853000
23-07-2014,194.110001,194.899994,193.570007,193.630005,148.504776,3584200
24-07-2014,193.949997,195.619995,193.75,195.240005,149.739609,3612700
25-07-2014,195.300003,195.899994,193.789993,194.399994,149.095398,3376400
28-07-2014,194.300003,196.399994,193.649994,195.779999,150.153748,3242400
29-07-2014,195.300003,195.889999,194.539993,194.570007,149.225769,3264100
30-07-2014,195.199997,195.990005,192.899994,194,148.788528,3943800
31-07-2014,192.839996,194.289993,191.539993,191.669998,147.001602,4207500
01-08-2014,190.5,191.5,188.860001,189.149994,145.068878,5181100
04-08-2014,189.350006,189.949997,188.600006,189.639999,145.444702,2125900
05-08-2014,188.75,189.199997,186.440002,187.100006,143.496628,3307900
06-08-2014,185.360001,186.880005,184.440002,185.970001,143.47348,3847000
07-08-2014,186.639999,186.679993,183.580002,184.300003,142.185104,2708600
08-08-2014,184.399994,186.669998,183.580002,186.630005,143.982651,2781500
11-08-2014,187.809998,188.360001,186.279999,187.470001,144.630737,2527200
12-08-2014,187.449997,188.690002,186.809998,187.339996,144.530441,1858600
13-08-2014,188,188.479996,187.369995,187.949997,145.001022,1795000
14-08-2014,187.570007,188.169998,186.929993,187.880005,144.947037,1929500
15-08-2014,187.850006,188.880005,186.789993,187.380005,144.56131,2814800
18-08-2014,188.100006,189.809998,187.759995,189.360001,146.088837,2420300
19-08-2014,190.039993,190.25,189.360001,190.070007,146.636597,2040100
20-08-2014,189.860001,190.389999,189.25,190.100006,146.659729,2177600
21-08-2014,190.899994,192.070007,190.5,191.229996,147.531494,2496500
22-08-2014,190.770004,191.880005,190.289993,190.410004,146.898895,1940300
25-08-2014,191.389999,191.809998,190.710007,191.160004,147.477509,1723600
26-08-2014,191.020004,193.529999,191.020004,192.990005,148.889313,3175400
27-08-2014,193.029999,194.130005,191.559998,192.25,148.31839,2190200
28-08-2014,191.470001,192.300003,190.660004,192,148.125549,1503600
29-08-2014,192.279999,192.75,191.139999,192.300003,148.356964,2909400
02-09-2014,192.679993,192.970001,190.929993,191.559998,147.786072,2679700
03-09-2014,192.389999,192.949997,191.860001,191.949997,148.08696,1822800
04-09-2014,191.690002,192.690002,190.059998,190.679993,147.107162,2865000
05-09-2014,190.529999,191.75,190.089996,191.199997,147.508347,2260200
08-09-2014,190.75,191.199997,189.509995,190.139999,146.690613,2524200
09-09-2014,190.339996,190.740005,189.779999,189.990005,146.574875,2403600
10-09-2014,190.119995,192.149994,190.100006,191.539993,147.770676,2764000
11-09-2014,191.080002,192.779999,190.119995,191.720001,147.909531,2298500
12-09-2014,191.470001,191.600006,190.570007,191.279999,147.570084,2901000
15-09-2014,191.419998,192.490005,190.580002,191.809998,147.978973,2456400
16-09-2014,191.25,193.570007,190.820007,192.960007,148.86618,2561500
17-09-2014,193.220001,193.639999,192.300003,192.800003,148.742722,3210800
18-09-2014,192.789993,194.130005,192.710007,193.75,149.475647,2963300
19-09-2014,194.539993,195,193.190002,194,149.668488,8852000
22-09-2014,193.720001,194.139999,192.630005,193.110001,148.981934,3318000
23-09-2014,192.75,193.070007,191.520004,191.619995,147.832382,3301800
24-09-2014,191,192.449997,189.880005,192.309998,148.3647,3082600
25-09-2014,192.050003,192.5,188.970001,189.009995,145.818817,4151400
26-09-2014,188.929993,190.330002,188.610001,190.059998,146.62886,2493900
29-09-2014,188.509995,189.960007,188.119995,189.639999,146.304871,2336300
30-09-2014,189.639999,190.850006,189.149994,189.830002,146.451462,2932600
01-10-2014,189.910004,190.399994,186.789993,187.169998,144.399277,3723200
02-10-2014,187.660004,187.779999,186.240005,186.910004,144.1987,2283100
03-10-2014,188.110001,189.369995,187.559998,188.669998,145.556488,3071500
06-10-2014,189.690002,190.889999,188.710007,189.039993,145.841934,2099500
07-10-2014,187.770004,188.119995,185.539993,185.710007,143.272903,2991300
08-10-2014,185.970001,189.600006,185.610001,189.360001,146.088837,2984800
09-10-2014,189.119995,189.5,186.089996,186.419998,143.820618,2625400
10-10-2014,185.860001,187.740005,185.100006,185.929993,143.442596,5090200
13-10-2014,185.490005,186.649994,183.419998,183.520004,141.583344,3596700
14-10-2014,184.889999,185.720001,183.589996,183.800003,141.799347,3924700
15-10-2014,182.460007,183.789993,178.75,181.75,140.217804,6895800
16-10-2014,179.800003,181.479996,178.690002,179.839996,138.744278,5578600
17-10-2014,181.240005,182.839996,180.220001,182.050003,140.449249,4350200
20-10-2014,166.850006,170.330002,166.690002,169.100006,130.458481,23416500
21-10-2014,166.399994,166.679993,161.679993,163.229996,125.92984,20949800
22-10-2014,162.410004,165.410004,161.100006,161.789993,124.818924,11084800
23-10-2014,162.119995,162.830002,161.539993,162.179993,125.11982,7599400
24-10-2014,162.080002,162.440002,161.449997,162.080002,125.042664,6652100
27-10-2014,162,162.910004,161.809998,161.869995,124.880669,4989100
28-10-2014,162,163.600006,161.800003,163.600006,126.215302,7895300
29-10-2014,164.330002,164.619995,162.759995,163.460007,126.107307,4739300
30-10-2014,163.5,164.619995,163.020004,164.350006,126.793938,3896000
31-10-2014,165.479996,165.589996,163.619995,164.399994,126.83252,5818000
03-11-2014,164.25,164.539993,163.380005,164.360001,126.801643,4688200
04-11-2014,164.339996,164.360001,162.240005,162.649994,125.482422,4246900
05-11-2014,163.130005,163.539993,161.559998,161.820007,124.842079,4104700
06-11-2014,161.279999,161.529999,160.050003,161.460007,125.416862,4067600
07-11-2014,161.419998,162.210007,160.850006,162.070007,125.890686,3494800
10-11-2014,161.899994,164.470001,161.610001,163.490005,126.993767,4958200
11-11-2014,163.699997,163.899994,162.600006,163.300003,126.846138,3534400
12-11-2014,162.279999,163,161.759995,161.919998,125.774185,3378200
13-11-2014,162,162.800003,161.800003,162.789993,126.449959,3239700
14-11-2014,162.100006,164.490005,161.690002,164.160004,127.514137,4978400
17-11-2014,164.160004,164.970001,163.720001,164.160004,127.514137,4798900
18-11-2014,164.729996,164.75,161.889999,161.889999,125.750893,5410100
19-11-2014,162.050003,162.100006,160.960007,161.429993,125.393555,3802600
20-11-2014,160.949997,161.5,159.800003,160.639999,124.7799,4183100
21-11-2014,161.830002,161.949997,160.75,160.919998,124.997391,4076900
24-11-2014,161.539993,163.860001,161.059998,162.149994,125.952843,6619000
25-11-2014,162.649994,163.5,161.559998,161.759995,125.64991,4062400
26-11-2014,161.929993,162.100006,161.009995,161.949997,125.797462,3966000
28-11-2014,162.75,163.369995,161.440002,162.169998,125.968391,2405500
01-12-2014,161.639999,163.320007,161.350006,161.539993,125.478996,4168400
02-12-2014,162.470001,162.729996,161.639999,162.669998,126.356789,3465700
03-12-2014,162.470001,164.520004,162,164.520004,127.793831,6429100
04-12-2014,164.009995,164.5,163.009995,164.050003,127.428726,3859400
05-12-2014,163.610001,164.5,162.910004,163.270004,126.8228,3013500
08-12-2014,163.289993,163.289993,161.539993,161.860001,125.727577,2851000
09-12-2014,160.839996,163.020004,160.800003,162.990005,126.605347,3861200
10-12-2014,163.009995,163.330002,160.029999,160.509995,124.678947,4072800
11-12-2014,160.820007,162.929993,160.520004,161.070007,125.11393,3989600
12-12-2014,160.25,160.5,155.330002,155.380005,120.694138,8611700
15-12-2014,155.929993,156.740005,152.839996,153.059998,118.892021,6500300
16-12-2014,152.029999,154.889999,150.5,151.410004,117.610382,6782600
17-12-2014,151.520004,153.309998,151.110001,151.929993,118.014297,5131000
18-12-2014,153.580002,157.679993,153.300003,157.679993,122.480675,7302400
19-12-2014,157.490005,160.410004,157.490005,158.509995,123.12542,8864900
22-12-2014,158.330002,161.910004,158.330002,161.440002,125.401329,4682500
23-12-2014,162.229996,162.899994,161.610001,162.240005,126.022812,4043300
24-12-2014,162.880005,162.990005,161.610001,161.820007,125.696503,1868100
26-12-2014,162.270004,163.089996,162.009995,162.339996,126.100395,1912200
29-12-2014,162,162.339996,159.449997,160.509995,124.678947,3331800
30-12-2014,160.020004,160.820007,159.789993,160.050003,124.321655,2829900
31-12-2014,160.410004,161.5,160.380005,160.440002,124.624557,4011900
02-01-2015,161.309998,163.309998,161,162.059998,125.882919,5525500
05-01-2015,161.270004,161.270004,159.190002,159.509995,123.902168,4880400
06-01-2015,159.669998,159.960007,155.169998,156.070007,121.230103,6146700
07-01-2015,157.199997,157.199997,154.029999,155.050003,120.43782,4701800
08-01-2015,156.240005,159.039993,155.550003,158.419998,123.055511,4236800
09-01-2015,158.419998,160.339996,157.25,159.110001,123.591476,4488300
12-01-2015,159,159.25,155.759995,156.440002,121.517525,4187600
13-01-2015,157.259995,159.970001,155.679993,156.809998,121.804909,4377500
14-01-2015,154.860001,156.490005,153.740005,155.800003,121.020386,4690300
15-01-2015,156.690002,156.970001,154.160004,154.570007,120.064964,4248400
16-01-2015,153.820007,157.630005,153.820007,157.139999,122.061211,5756000
20-01-2015,156.699997,157.330002,154.029999,156.949997,121.913643,8392800
21-01-2015,153.029999,154.5,151.070007,152.089996,118.138557,11897100
22-01-2015,151.940002,155.720001,151.759995,155.389999,120.701904,6120100
23-01-2015,155.029999,157.600006,154.889999,155.869995,121.074738,4834800
26-01-2015,158.259995,159.460007,155.770004,156.360001,121.455353,7888100
27-01-2015,154.940002,155.089996,152.589996,153.669998,119.365852,5659600
28-01-2015,154,154.529999,151.550003,151.550003,117.719124,4495900
29-01-2015,151.380005,155.580002,149.520004,155.479996,120.771828,8320800
30-01-2015,153.910004,155.240005,153.039993,153.309998,119.086205,6563600
02-02-2015,154,154.660004,151.509995,154.660004,120.13485,4712200
03-02-2015,154.75,158.600006,154.75,158.470001,123.094307,5539400
04-02-2015,157.210007,158.710007,156.699997,156.960007,121.921432,3678500
05-02-2015,157.289993,158.589996,157.149994,157.910004,122.659355,5253600
06-02-2015,157.339996,158.080002,156.229996,156.720001,122.588951,3256500
09-02-2015,156,157.5,155.399994,155.75,121.830185,3057700
10-02-2015,156.740005,158.559998,155.080002,158.559998,124.028221,4440600
11-02-2015,157.759995,159.089996,157.169998,158.199997,123.746605,3626700
12-02-2015,158.720001,159.5,158.089996,158.520004,123.996941,3333100
13-02-2015,158.779999,160.800003,158.639999,160.399994,125.467506,3706900
17-02-2015,159.75,161.410004,159.729996,160.960007,125.905563,2894500
18-02-2015,161.860001,162.470001,160.639999,162.190002,126.867722,4358400
19-02-2015,162.050003,164.490005,161.440002,163.889999,128.197449,3504400
20-02-2015,163.639999,164.339996,162.089996,163.649994,128.009674,3353000
23-02-2015,164.229996,164.399994,162.5,162.910004,127.430893,2714400
24-02-2015,162.490005,164.990005,161.509995,164.830002,128.932739,4701600
25-02-2015,164.940002,164.960007,162.580002,162.809998,127.352631,4004600
26-02-2015,163.740005,164.139999,159.770004,160.869995,125.835129,7110800
27-02-2015,160.869995,162.289993,160.160004,161.940002,126.672134,4410000
02-03-2015,161.940002,161.940002,159.809998,160.479996,125.530067,5917900
03-03-2015,160.270004,161.75,160,161.029999,125.960297,3234400
04-03-2015,160.539993,160.559998,158.720001,159.419998,124.700928,3633600
05-03-2015,159.860001,161.5,159.699997,161.179993,126.077606,3791700
06-03-2015,160.190002,161.440002,158.059998,158.5,123.981285,4540200
09-03-2015,158.199997,161.149994,158.199997,160.770004,125.75692,5193900
10-03-2015,159.600006,160.229996,157.809998,157.809998,123.441574,4601000
11-03-2015,158.570007,159.139999,155.940002,156.800003,122.651505,5709900
12-03-2015,156.270004,158.720001,156.270004,157.979996,123.574532,4567300
13-03-2015,157.460007,157.520004,153.399994,154.279999,120.680359,6064100
16-03-2015,155.050003,157.089996,154.800003,157.080002,122.870544,3749600
17-03-2015,156.199997,157.289993,155.369995,156.960007,122.776688,3311700
18-03-2015,156.850006,160.699997,155.800003,159.809998,125.006027,5738800
19-03-2015,159.699997,160.919998,158.809998,159.809998,125.006027,3878600
20-03-2015,160.949997,163,160.350006,162.880005,127.407402,9006400
23-03-2015,162.770004,165.350006,162.729996,164.630005,128.776321,5930100
24-03-2015,164.789993,164.889999,162.899994,163,127.501228,4346100
25-03-2015,163.080002,163.080002,159.199997,159.199997,124.528839,5428900
26-03-2015,159.270004,161.25,158.910004,160.589996,125.616096,4396000
27-03-2015,160.789993,160.899994,159.229996,160.399994,125.467506,3477900
30-03-2015,161.309998,163.600006,161.25,162.669998,127.243164,4138000
31-03-2015,161.080002,162.330002,160.399994,160.5,125.545715,4255400
01-04-2015,160.229996,160.619995,158.389999,159.179993,124.513191,3700800
02-04-2015,159.520004,162.539993,158.889999,160.449997,125.50663,4671600
06-04-2015,159.690002,162.800003,158.699997,162.039993,126.750351,3465700
07-04-2015,161.669998,163.839996,161.619995,162.070007,126.773796,3148000
08-04-2015,161.720001,163.550003,161.009995,161.850006,126.601723,2524300
09-04-2015,161.699997,162.470001,160.720001,162.339996,126.985016,2263500
10-04-2015,162.339996,163.330002,161.25,162.860001,127.391762,2515700
13-04-2015,162.369995,164,162.360001,162.380005,127.016319,3868900
14-04-2015,162.419998,162.740005,160.789993,162.300003,126.953735,2719300
15-04-2015,162.630005,164.960007,162.5,164.130005,128.385178,3498800
16-04-2015,163.309998,163.979996,162.539993,163.130005,127.602989,3136900
17-04-2015,161.75,161.860001,160.029999,160.669998,125.67868,4314400
20-04-2015,162.100006,166.639999,161.899994,166.160004,129.973083,9609200
21-04-2015,166.070007,167.380005,164.050003,164.259995,128.486877,9683600
22-04-2015,164.389999,166,162.889999,165.360001,129.347321,4024800
23-04-2015,165.229996,171.910004,165.139999,170.240005,133.16452,8235600
24-04-2015,170.229996,170.850006,168.740005,169.779999,132.804688,3888400
27-04-2015,170.889999,171.490005,170.300003,170.729996,133.547806,3168600
28-04-2015,170.830002,174.690002,170.020004,173.919998,136.043091,5816700
29-04-2015,173.399994,175.130005,172.800003,174.399994,136.418518,4518400
30-04-2015,173.770004,174.279999,170.300003,171.289993,133.98584,5062900
01-05-2015,173.199997,174,172.419998,173.669998,135.847534,3312100
04-05-2015,174.470001,176.300003,173.699997,173.970001,136.082184,4028000
05-05-2015,173.509995,174.229996,171.960007,173.080002,135.386032,3593600
06-05-2015,172.899994,174.050003,168.860001,170.050003,134.022522,3612600
07-05-2015,169.630005,171.979996,169.039993,170.990005,135.801559,2472000
08-05-2015,172.940002,173.330002,172.240005,172.679993,137.143738,3092600
11-05-2015,172.649994,172.990005,170.860001,171.119995,135.904785,2661000
12-05-2015,170.550003,171.490005,168.839996,170.550003,135.452072,2962400
13-05-2015,171.240005,172.740005,170.75,172.279999,136.826065,2457500
14-05-2015,173.5,174.399994,173.220001,174.050003,138.231812,2439100
15-05-2015,173.910004,174.410004,172.600006,173.259995,137.604401,2916600
18-05-2015,173.440002,173.490005,172.300003,173.059998,137.445572,1970600
19-05-2015,172.970001,173.75,171.929993,173.479996,137.779099,2523000
20-05-2015,173.330002,174.440002,172.460007,173.759995,138.001511,2300300
21-05-2015,173.320007,174.139999,173.039993,173.339996,137.667953,2295600
22-05-2015,173.039993,173.389999,172.190002,172.220001,136.778458,2849700
26-05-2015,172.110001,172.119995,169.130005,170.130005,135.118561,3854200
27-05-2015,171.160004,172.479996,170.490005,172,136.603714,2764400
28-05-2015,171.449997,171.839996,170.660004,171.710007,136.373398,1731400
29-05-2015,171.350006,171.350006,169.649994,169.649994,134.73732,4092000
01-06-2015,170.210007,171.039993,169.029999,170.179993,135.158234,2985500
02-06-2015,169.660004,170.449997,168.429993,169.649994,134.73732,2571400
03-06-2015,170.5,171.559998,169.630005,169.919998,134.951752,2131000
04-06-2015,169.529999,170.600006,167.929993,168.380005,133.728699,3079300
05-06-2015,168.25,168.910004,167.199997,167.399994,132.950333,3100500
08-06-2015,167.169998,167.279999,165.020004,165.339996,131.314285,3758700
09-06-2015,165.339996,166.020004,163.369995,165.679993,131.58432,3395900
10-06-2015,166.490005,169.389999,166.059998,168.919998,134.157547,4680500
11-06-2015,169.259995,170.440002,168.539993,168.779999,134.046326,3464000
12-06-2015,168.229996,168.300003,166.690002,166.990005,132.62471,3065100
15-06-2015,166.990005,166.990005,164.25,166.259995,132.044952,4245700
16-06-2015,166.330002,167.399994,165.910004,166.839996,132.505585,3249800
17-06-2015,167,167.850006,166.100006,167.169998,132.7677,2863000
18-06-2015,167.050003,168.720001,167.050003,168.25,133.625397,3330900
19-06-2015,167.619995,168.419998,166.770004,166.990005,132.62471,7074000
22-06-2015,167.649994,168.339996,167.199997,167.729996,133.212433,2335800
23-06-2015,168.380005,169.970001,167.570007,168.619995,133.919266,3701600
24-06-2015,168.710007,168.839996,166.830002,166.970001,132.608841,3548100
25-06-2015,167.800003,168.130005,166.080002,166.080002,131.901993,2408900
26-06-2015,166.229996,166.809998,165.229996,165.460007,131.409622,8946000
29-06-2015,163.919998,165.350006,162.889999,162.970001,129.431976,3314700
30-06-2015,163.990005,164,162.119995,162.660004,129.185837,3597300
01-07-2015,163.970001,165.610001,163.600006,164.490005,130.639221,3214500
02-07-2015,165.050003,165.320007,164.419998,165.089996,131.115723,2852700
06-07-2015,163.830002,165.229996,163.520004,164.729996,130.829834,3079800
07-07-2015,164.940002,165.350006,162.229996,165,131.044266,3549900
08-07-2015,164,164.940002,162.679993,163.160004,129.582932,2776300
09-07-2015,165.339996,165.509995,163.699997,163.850006,130.130905,4199700
10-07-2015,165.660004,167.399994,165.520004,166.949997,132.592941,4538300
13-07-2015,167.929993,169.889999,167.520004,169.380005,134.522888,4229000
14-07-2015,169.429993,169.539993,168.240005,168.610001,133.911362,3025300
15-07-2015,168.479996,169.270004,168,168.529999,133.847809,1998000
16-07-2015,169.470001,171.089996,169.160004,171,135.809525,3529900
17-07-2015,170.330002,172.520004,170.100006,172.509995,137.008774,4356400
20-07-2015,172.789993,173.779999,172.139999,173.220001,137.572662,7377800
21-07-2015,164.339996,166.350006,162.020004,163.070007,129.511444,13752300
22-07-2015,162.729996,163.070007,159.699997,160.350006,127.351196,7181800
23-07-2015,160.270004,162.75,159.830002,161.729996,128.447174,5034200
24-07-2015,161.289993,161.929993,159.410004,159.75,126.874687,3778200
27-07-2015,159,160.179993,158.600006,159.070007,126.334587,3706200
28-07-2015,159.910004,160.190002,158.5,160.050003,127.112923,2721000
29-07-2015,160,161.5,159.389999,161.089996,127.938911,3378400
30-07-2015,160.5,161.399994,159.75,160.960007,127.835663,1994700
31-07-2015,161.399994,162.059998,160.630005,161.990005,128.653687,3580200
03-08-2015,161.699997,161.850006,157.899994,158.710007,126.048691,4615700
04-08-2015,158.399994,158.820007,156.869995,157.600006,125.167114,5260600
05-08-2015,159.100006,159.539993,157.479996,157.899994,125.40538,3472800
06-08-2015,157.130005,157.539993,156.179993,156.320007,125.181152,3004800
07-08-2015,155.889999,156.25,154.339996,155.119995,124.220192,3794900
10-08-2015,156.770004,157.470001,156.119995,156.75,125.52549,4613400
11-08-2015,155.960007,155.990005,154.860001,155.509995,124.532555,3167100
12-08-2015,154.259995,156.520004,153.949997,156.160004,125.053024,3560300
13-08-2015,156.059998,156.089996,154.320007,155.070007,124.180183,2533400
14-08-2015,155,156.210007,154.580002,155.75,124.724686,3226400
17-08-2015,155.199997,156.690002,154.699997,156.309998,125.173157,2249600
18-08-2015,155.509995,156.520004,155.25,156.009995,124.932915,2018300
19-08-2015,155.149994,155.669998,153.410004,153.940002,123.275246,4206400
20-08-2015,152.740005,153.910004,152.5,152.660004,122.250214,4011500
21-08-2015,151.5,153.190002,148.699997,148.850006,119.199188,7362100
24-08-2015,143.470001,147.759995,143,143.470001,114.890862,10189700
25-08-2015,146.940002,147.110001,140.619995,140.960007,112.880898,7073200
26-08-2015,144.089996,146.979996,142.139999,146.699997,117.477425,6221800
27-08-2015,148.5,148.970001,145.660004,148.539993,118.950912,4976600
28-08-2015,147.75,148.199997,147.179993,147.979996,118.502495,4076300
31-08-2015,147.380005,148.399994,146.259995,147.889999,118.430397,4093100
01-09-2015,144.910004,144.979996,141.850006,142.679993,114.258247,5272000
02-09-2015,144.740005,145.080002,143.179993,145.050003,116.156136,4252000
03-09-2015,146.050003,148.029999,145.770004,146.779999,117.541512,3603500
04-09-2015,144.570007,145.399994,143.320007,143.699997,115.075043,4201100
08-09-2015,145.860001,147.339996,145.660004,147.229996,117.901871,3933300
09-09-2015,148.740005,149.039993,144.850006,145.050003,116.156136,3407800
10-09-2015,145.850006,147.160004,144.509995,146.199997,117.07708,3461700
11-09-2015,145.910004,147.5,145.669998,147.369995,118.013985,3115100
14-09-2015,147.369995,147.369995,145.410004,145.649994,116.636604,3226700
15-09-2015,146.600006,147.929993,145.759995,147.529999,118.142105,2717100
16-09-2015,147.839996,148.889999,147.539993,148.410004,118.84684,2799200
17-09-2015,148.100006,149.679993,147.300003,148.139999,118.630623,4003000
18-09-2015,146.050003,146.389999,143.979996,144.509995,115.723709,7975800
21-09-2015,145.389999,146.979996,144.919998,146.479996,117.30127,3825000
22-09-2015,144.619995,145.059998,143.770004,144.429993,115.659622,3564100
23-09-2015,144.210007,144.570007,142.75,143.660004,115.042992,2674200
24-09-2015,142.600006,145.070007,141.949997,144.410004,115.643631,3280300
25-09-2015,145.550003,146.270004,144.529999,145.419998,116.4524,3474400
28-09-2015,144.419998,145.380005,142.470001,142.520004,114.130112,4317300
29-09-2015,141.990005,142.660004,141.149994,142.470001,114.09008,4763500
30-09-2015,143.690002,145.710007,143.660004,144.970001,116.092072,3946200
01-10-2015,145.309998,145.669998,141.589996,143.589996,114.986984,3880900
02-10-2015,141.050003,144.589996,140.559998,144.580002,115.77977,3054400
05-10-2015,145.820007,149.889999,145.820007,149.039993,119.351326,5131800
06-10-2015,149.059998,150.149994,148.490005,148.779999,119.14312,3018100
07-10-2015,150.039993,150.729996,148.860001,150.089996,120.192162,2980800
08-10-2015,149.690002,153.020004,149.289993,152.279999,121.945938,4794400
09-10-2015,152.460007,153.149994,151.270004,152.389999,122.034019,3531100
12-10-2015,152.399994,152.580002,150.850006,151.139999,121.033043,3227600
13-10-2015,150.779999,150.779999,149.179993,149.619995,119.815773,3915700
14-10-2015,149.600006,150.649994,149.020004,150.009995,120.128113,3353000
15-10-2015,150.910004,151.240005,148.580002,150.089996,120.192162,3476200
16-10-2015,150.449997,151.199997,149.259995,150.389999,120.432404,3483700
19-10-2015,149.850006,149.970001,148.380005,149.220001,119.495476,7954700
20-10-2015,142.490005,142.880005,140.270004,140.639999,112.624611,16025600
21-10-2015,140.25,142.660004,139.300003,140.919998,112.848816,6990600
22-10-2015,141.740005,145.070007,141.619995,144.089996,115.387383,5583200
23-10-2015,144.610001,145.490005,143.699997,144.679993,115.85984,5370400
26-10-2015,144.75,145,143.210007,143.660004,115.042992,3489400
27-10-2015,143.509995,143.830002,137.330002,137.860001,110.398384,15008500
28-10-2015,137.919998,141.229996,137.5,140.830002,112.776749,8511400
29-10-2015,140.360001,140.820007,139.020004,140.550003,112.552536,3710400
30-10-2015,140.440002,141.330002,139.899994,140.080002,112.176132,3984000
02-11-2015,140.5,140.520004,139.570007,140.369995,112.408371,3822200
03-11-2015,140.020004,142.800003,139.899994,141.880005,113.617569,4349400
04-11-2015,142.550003,142.649994,141.300003,141.630005,113.417412,3516900
05-11-2015,141.610001,142.380005,139.630005,139.889999,112.023979,5096900
06-11-2015,138.600006,139.550003,137.869995,138.25,111.749168,4744900
09-11-2015,137.919998,138.080002,134.880005,135.309998,109.372726,8075600
10-11-2015,135.360001,135.740005,134.119995,135.470001,109.502075,4520800
11-11-2015,136.089996,136.199997,134.5,135.020004,109.138329,3164800
12-11-2015,134.699997,134.699997,133.009995,133.039993,107.53788,4701400
13-11-2015,132.949997,133,131.649994,131.75,106.495148,4613800
16-11-2015,131.789993,134.089996,131.789993,133.710007,108.07946,4190800
17-11-2015,134.220001,134.820007,133.309998,133.820007,108.168381,2815100
18-11-2015,134.789993,135.910004,134.259995,135.820007,109.784981,4149200
19-11-2015,136.210007,137.740005,136.009995,136.740005,110.528618,4753600
20-11-2015,137.369995,138.919998,137.25,138.5,111.951256,5176400
23-11-2015,138.529999,138.869995,137.119995,138.460007,111.918938,5137900
24-11-2015,137.649994,139.339996,137.309998,138.600006,112.032089,3407700
25-11-2015,138.369995,138.429993,137.380005,138,111.547096,3238200
27-11-2015,138,138.809998,137.210007,138.460007,111.918938,1415800
30-11-2015,138.610001,139.899994,138.520004,139.419998,112.694885,4545600
01-12-2015,139.580002,141.399994,139.580002,141.279999,114.198364,4195100
02-12-2015,140.929993,141.210007,139.5,139.699997,112.921234,3725400
03-12-2015,140.100006,140.729996,138.190002,138.919998,112.290733,5909600
04-12-2015,138.089996,141.020004,137.990005,140.429993,113.511269,4571600
07-12-2015,140.160004,140.410004,138.809998,139.550003,112.799988,3279400
08-12-2015,138.279999,139.059998,137.529999,138.050003,111.58754,3905200
09-12-2015,137.380005,139.839996,136.229996,136.610001,110.423561,4615000
10-12-2015,137.029999,137.850006,135.720001,136.779999,110.560974,4222300
11-12-2015,135.229996,135.440002,133.910004,134.570007,108.774597,5333800
14-12-2015,135.309998,136.139999,134.020004,135.929993,109.873901,5143800
15-12-2015,137.399994,138.970001,137.279999,137.789993,111.377357,4238500
16-12-2015,139.119995,139.649994,137.789993,139.289993,112.589813,4345500
17-12-2015,139.350006,139.5,136.309998,136.75,110.536713,4089500
18-12-2015,136.410004,136.960007,134.270004,134.899994,109.041336,10026100
21-12-2015,135.830002,135.830002,134.020004,135.5,109.526337,5617500
22-12-2015,135.880005,138.190002,135.649994,137.929993,111.490517,4263800
23-12-2015,138.300003,139.309998,138.110001,138.539993,111.983574,5164900
24-12-2015,138.429993,138.880005,138.110001,138.25,111.749168,1495200
28-12-2015,137.740005,138.039993,136.539993,137.610001,111.231842,3143400
29-12-2015,138.25,140.059998,138.199997,139.779999,112.985893,3943700
30-12-2015,139.580002,140.440002,139.220001,139.339996,112.630249,2989400
31-12-2015,139.070007,139.100006,137.570007,137.619995,111.23996,3462100
04-01-2016,135.600006,135.970001,134.240005,135.949997,109.89006,5229400
05-01-2016,136.759995,136.889999,134.850006,135.850006,109.809242,3924800
06-01-2016,134.380005,135.580002,133.619995,135.169998,109.259583,4310900
07-01-2016,133.699997,135.020004,132.429993,132.860001,107.392403,7025800
08-01-2016,133.179993,133.820007,131.320007,131.630005,106.39817,4762700
11-01-2016,131.809998,133.820007,131.759995,133.229996,107.691475,4974400
12-01-2016,133.649994,133.779999,131.130005,132.899994,107.424698,5078700
13-01-2016,133.5,134.279999,131.100006,131.169998,106.026321,4700100
14-01-2016,131.929993,133.789993,131.220001,132.910004,107.432808,5709600
15-01-2016,130.009995,130.880005,128.869995,130.029999,105.104836,9008500
19-01-2016,130.110001,132.100006,128.059998,128.110001,103.552887,9979600
20-01-2016,118.459999,123.989998,118,121.860001,98.500938,16157800
21-01-2016,121.300003,125.099998,120.580002,122.910004,99.34967,8851600
22-01-2016,124.669998,124.739998,121.769997,122.5,99.018257,9238400
25-01-2016,122.099998,124.230003,121.639999,122.080002,98.678764,5446000
26-01-2016,122.25,123.610001,122.239998,122.589996,99.091003,4617800
27-01-2016,122.730003,123.370003,120.650002,120.959999,97.773445,5026400
28-01-2016,121.260002,122.830002,121.010002,122.220001,98.791931,3942500
29-01-2016,123.279999,124.790001,122.959999,124.790001,100.869293,8248100
01-02-2016,124.400002,125.290001,123.709999,124.830002,100.901634,3574900
02-02-2016,123.669998,124.139999,122.639999,122.940002,99.373932,3287300
03-02-2016,123.989998,125.449997,122.290001,124.720001,100.812721,6223500
04-02-2016,125.080002,128.5,125,127.650002,103.181068,5266500
05-02-2016,127.220001,128.639999,125.849998,128.570007,103.924736,7177700
08-02-2016,126,127.510002,124.129997,126.980003,103.687904,7364000
09-02-2016,126.120003,126.93,123.769997,124.07,101.311691,5957200
10-02-2016,125,125.290001,119.839996,120.190002,98.14341,6469100
11-02-2016,118.779999,119.660004,116.900002,117.849998,96.232635,7307600
12-02-2016,119.260002,121.050003,118.349998,121.040001,98.837494,4936500
16-02-2016,121.830002,123.089996,121.339996,122.739998,100.225647,4061400
17-02-2016,123.709999,126.57,123.25,126.099998,102.96933,4821000
18-02-2016,130,134,129.75,132.449997,108.154533,9951600
19-02-2016,132.360001,133.649994,130.839996,133.080002,108.668976,5125300
22-02-2016,133.080002,134.309998,132.410004,133.770004,109.232414,4457400
23-02-2016,133.139999,133.410004,132.009995,132.399994,108.113724,3439700
24-02-2016,131.550003,133.490005,129.679993,132.800003,108.440323,4122600
25-02-2016,133.289993,134.509995,130.880005,134.5,109.828522,4358300
26-02-2016,134.509995,134.919998,131.949997,132.029999,107.811577,4386200
29-02-2016,132,133.360001,130.899994,131.029999,106.995026,4428000
01-03-2016,132.240005,134.639999,132.029999,134.369995,109.722351,3788500
02-03-2016,133.699997,137.440002,133.220001,136.300003,111.298332,5217200
03-03-2016,137.220001,137.960007,136.070007,137.800003,112.523163,5156400
04-03-2016,137.539993,139.419998,137.020004,137.800003,112.523163,3968400
07-03-2016,137.279999,140.509995,136.869995,140.149994,114.442108,5171000
08-03-2016,139.710007,140.350006,137.419998,139.070007,113.560211,5579100
09-03-2016,139.309998,142.169998,139.229996,140.410004,114.654427,4406500
10-03-2016,141.240005,141.470001,138.089996,140.190002,114.474785,4020600
11-03-2016,141.729996,142.919998,140.509995,142.360001,116.246742,4421900
14-03-2016,142.009995,143.190002,141.039993,142.779999,116.589668,4048800
15-03-2016,141.740005,143.330002,141.539993,142.960007,116.736679,3707500
16-03-2016,142.619995,144.880005,142.110001,144.789993,118.23101,4221900
17-03-2016,144.779999,147.320007,144.449997,147.039993,120.068268,5821600
18-03-2016,147.399994,147.509995,145.509995,147.089996,120.109138,12089700
21-03-2016,147.300003,148.710007,146.720001,148.630005,121.366638,3721600
22-03-2016,148.059998,149.279999,147.839996,148.100006,120.93383,4081900
23-03-2016,148,148.029999,145.130005,145.399994,118.729103,4764200
24-03-2016,144.979996,148.220001,144.490005,147.949997,120.811356,5044500
28-03-2016,147.75,148.649994,147.229996,148.399994,121.178802,3265100
29-03-2016,147.589996,149.759995,147.5,149.330002,121.93821,3138500
30-03-2016,149.949997,150.410004,148.320007,148.410004,121.186981,3331200
31-03-2016,149.789993,153.100006,149.360001,151.449997,123.669365,6780600
01-04-2016,150.509995,152.960007,150.25,152.520004,124.543083,3925500
04-04-2016,152.339996,153.520004,151.910004,152.070007,124.175591,3931200
05-04-2016,151.429993,151.600006,149.649994,150,122.485283,3337000
06-04-2016,149.899994,150.149994,147.809998,150.020004,122.501656,4194600
07-04-2016,149.070007,149.600006,148,148.25,121.056335,3663000
08-04-2016,149.059998,149.990005,148.119995,149.350006,121.954552,3293800
11-04-2016,150.259995,151.949997,149.220001,149.25,121.872887,3846100
12-04-2016,149.610001,150.110001,148.580002,149.630005,122.183182,3595800
13-04-2016,150.75,151.229996,149.630005,151.229996,123.489716,3168400
14-04-2016,151.5,152.759995,150.380005,151.160004,123.432518,3176500
15-04-2016,151.039993,152.100006,150.960007,151.720001,123.889809,3657600
18-04-2016,151.720001,153.139999,151.490005,152.529999,124.551254,6581700
19-04-2016,146.470001,146.949997,142.610001,144,117.585922,13190200
20-04-2016,144.240005,147.199997,144,146.110001,119.308876,6754300
21-04-2016,146.580002,150.119995,146.460007,149.300003,121.913734,6017700
22-04-2016,149.440002,151,147.5,148.5,121.260475,5191900
25-04-2016,148.160004,148.899994,147.110001,148.809998,121.513618,2848900
26-04-2016,148.649994,149.789993,147.899994,149.080002,121.734085,2979800
27-04-2016,149.350006,150.779999,148.970001,150.470001,122.86911,3111200
28-04-2016,149.75,150.179993,146.729996,147.070007,120.092781,3791500
29-04-2016,146.490005,147.339996,144.190002,145.940002,119.170029,4225800
02-05-2016,146.559998,147,144.429993,145.270004,118.622948,3502400
03-05-2016,144.649994,144.899994,142.899994,144.130005,117.692062,3584300
04-05-2016,143.360001,145,143.309998,144.25,117.790054,2577100
05-05-2016,145.949997,147.300003,145.449997,146.470001,119.602852,6501200
06-05-2016,144.860001,147.970001,144.470001,147.289993,121.433105,4895800
09-05-2016,147.699997,148.199997,147.009995,147.339996,122.64003,4302400
10-05-2016,148.240005,150.039993,147.740005,149.970001,124.829163,3992700
11-05-2016,149.710007,151.089996,148.740005,148.949997,123.980095,3093000
12-05-2016,149.210007,149.389999,147.110001,148.839996,123.888603,3249200
13-05-2016,148.789993,149.860001,147.419998,147.720001,122.956322,2398000
16-05-2016,147.649994,149.990005,147.440002,149.460007,124.404655,3069100
17-05-2016,149.210007,149.5,147.289993,148,123.189392,3490600
18-05-2016,147.990005,148.520004,146.360001,147.339996,122.64003,2491100
19-05-2016,146.479996,146.929993,143.960007,144.929993,120.634033,3685600
20-05-2016,145.710007,147.509995,145.550003,147.25,122.565117,3671500
23-05-2016,147.610001,147.949997,146.660004,146.770004,122.165573,2103800
24-05-2016,146.880005,148.75,146.880005,148.309998,123.447433,2929300
25-05-2016,148.929993,152.089996,148.5,151.690002,126.260788,4355300
26-05-2016,151.550003,152.509995,151.050003,152.440002,126.885094,3062900
27-05-2016,152.350006,152.929993,152.149994,152.839996,127.218048,2457100
31-05-2016,152.559998,153.809998,152.270004,153.740005,127.96714,5836600
01-06-2016,153,153.270004,151.539993,152.509995,126.943344,2663400
02-06-2016,152.589996,153.5,152.119995,153.5,127.767365,2642600
03-06-2016,152.399994,153.039993,151.699997,152.889999,127.259651,2328300
06-06-2016,153.089996,153.949997,152.339996,152.729996,127.126442,2378700
07-06-2016,153.309998,153.929993,152.660004,153.330002,127.625893,4465000
08-06-2016,153.529999,154.089996,153.039993,154,128.183548,2935000
09-06-2016,152.919998,153.759995,152.729996,153.419998,127.700783,2021800
10-06-2016,152.789993,153.330002,151.860001,152.369995,126.826782,3120600
13-06-2016,151.630005,152.5,150.279999,151.279999,125.919525,3610400
14-06-2016,151.279999,151.789993,150.399994,151.059998,125.736412,2865800
15-06-2016,151.460007,151.789993,150.600006,150.679993,125.420113,2260400
16-06-2016,150.190002,151.289993,149,151.059998,125.736412,2449100
17-06-2016,150.960007,152.720001,150.600006,151.990005,126.510498,4663900
20-06-2016,152.600006,154.669998,152.520004,153.610001,127.858932,3572100
21-06-2016,154.160004,154.570007,153.690002,154.050003,128.225159,2760300
22-06-2016,153.75,154.710007,152.270004,152.919998,127.284615,2833700
23-06-2016,153.449997,155.479996,152.600006,155.350006,129.307236,3969400
24-06-2016,149.970001,150.610001,146.179993,146.589996,122.015755,9082800
27-06-2016,146.179993,146.600006,142.5,143.5,119.443764,5017900
28-06-2016,144.779999,145.729996,144.220001,145.699997,121.274971,3997700
29-06-2016,146.5,148.479996,146.449997,148.460007,123.572258,3367700
30-06-2016,148.860001,151.910004,148.669998,151.779999,126.335716,3967100
01-07-2016,151.779999,152.970001,151.399994,152.350006,126.810143,2658300
05-07-2016,151.190002,152,150.759995,151.679993,126.252464,2465200
06-07-2016,151.850006,152.410004,149.919998,152.369995,126.826782,2569400
07-07-2016,152.75,153.690002,151.889999,152.600006,127.018257,2138400
08-07-2016,154,154.600006,153.080002,154.460007,128.566437,3040600
11-07-2016,154.600006,156.039993,154.5,155.330002,129.290619,2833700
12-07-2016,156,157.119995,155.520004,157.039993,130.713913,3843800
13-07-2016,157.75,158.339996,157.059998,158.020004,131.529648,2746400
14-07-2016,158.809998,161.399994,158.580002,160.279999,133.410782,4637600
15-07-2016,159.899994,159.979996,158.5,159.779999,132.994598,4476800
18-07-2016,159.300003,160.75,158.729996,159.860001,133.061172,6729700
19-07-2016,161.779999,162.139999,157.889999,159.580002,132.828125,7120000
20-07-2016,159.970001,161.710007,159.600006,161.360001,134.309738,4376300
21-07-2016,160.75,161.850006,159.889999,160.449997,133.552292,3518900
22-07-2016,160.779999,162.169998,160.479996,162.070007,134.900696,2520100
25-07-2016,162,162.880005,161.75,162.649994,135.383469,2804600
26-07-2016,162.649994,163.600006,161.369995,162.119995,134.942322,2894600
27-07-2016,162.119995,162.570007,161.179993,161.830002,134.700928,2162700
28-07-2016,161.380005,161.809998,160.710007,161.369995,134.318024,2340400
29-07-2016,161.360001,161.669998,160.029999,160.619995,133.693787,3547500
01-08-2016,160.649994,161.649994,159.839996,161.449997,134.384644,2823600
02-08-2016,161.270004,161.449997,160.360001,160.580002,133.660477,3080900
03-08-2016,160.130005,160.860001,159.800003,160.669998,133.735413,2861700
04-08-2016,160.860001,161.699997,160.119995,161.550003,134.46785,2489100
05-08-2016,162,163.509995,161.570007,163.5,136.090988,3812400
08-08-2016,162.729996,163.270004,161.580002,162.039993,136.040619,3039300
09-08-2016,162.220001,162.770004,161.649994,161.770004,135.81395,2737500
10-08-2016,162.190002,162.660004,161.960007,162.080002,136.074188,2466700
11-08-2016,162.25,164.949997,162.179993,163.529999,137.291565,8768600
12-08-2016,163.190002,163.460007,161.520004,161.949997,135.965042,2543100
15-08-2016,162.399994,162.970001,161.779999,161.880005,135.906296,2970400
16-08-2016,161.110001,161.929993,160.690002,160.699997,134.915604,2210200
17-08-2016,160.970001,161.160004,159.839996,160.440002,134.697327,3225900
18-08-2016,160.889999,162,160.440002,161.360001,135.469727,3652000
19-08-2016,160.839996,160.910004,159.520004,160.039993,134.361511,2815200
22-08-2016,160,160.570007,159.130005,160,134.327911,2039300
23-08-2016,160.330002,161.339996,160.229996,160.259995,134.546188,2838100
24-08-2016,159.889999,160.179993,158.320007,159.050003,133.53035,3645800
25-08-2016,159,159.539993,158.419998,158.630005,133.177765,2575000
26-08-2016,158.880005,160.440002,157.850006,158.320007,132.917496,2498900
29-08-2016,158.830002,160.210007,158.5,159.720001,134.092834,2475900
30-08-2016,159.759995,160.149994,158.809998,159.399994,133.824203,1813300
31-08-2016,159.660004,159.660004,158.259995,158.880005,133.38765,2323600
01-09-2016,158.320007,159.619995,158.100006,159.539993,133.941742,2358400
02-09-2016,159.880005,160.570007,159.149994,159.550003,133.950119,2315400
06-09-2016,159.880005,160.860001,159.110001,160.350006,134.62178,2994100
07-09-2016,160.190002,161.759995,160,161.639999,135.704773,2867300
08-09-2016,160.550003,161.210007,158.759995,159,133.488403,3963200
09-09-2016,158.029999,158.399994,155.649994,155.690002,130.709473,5186000
12-09-2016,155.259995,158.529999,154.839996,158.289993,132.892303,4367500
13-09-2016,157.630005,157.929993,155.5,155.809998,130.810181,3636700
14-09-2016,155.699997,155.869995,153.389999,154.050003,129.332581,3860600
15-09-2016,154.300003,156.330002,153.210007,155.660004,130.684296,3645600
16-09-2016,155.039993,155.399994,153.470001,153.839996,129.156296,6463600
19-09-2016,154.869995,156.190002,154.550003,154.869995,130.021027,2450100
20-09-2016,155.869995,156.570007,154.449997,154.449997,129.668427,2159100
21-09-2016,154.910004,155.679993,153.869995,155.529999,130.57515,2473900
22-09-2016,156.149994,157.220001,155.690002,156.110001,131.062088,2691100
23-09-2016,155.619995,156.039993,154.710007,154.979996,130.113419,2702200
26-09-2016,154.460007,154.460007,153.460007,153.979996,129.273834,2533300
27-09-2016,154.320007,156.770004,153.809998,156.770004,131.616211,2987200
28-09-2016,156.990005,158.630005,156.229996,158.289993,132.892303,3310000
29-09-2016,158.630005,165,157.460007,158.110001,132.741211,3374800
30-09-2016,158.899994,159.839996,158.059998,158.850006,133.362457,3596900
03-10-2016,158.059998,158.369995,157.020004,157.610001,132.321411,2227800
04-10-2016,157.669998,158.529999,155.820007,156.460007,131.355957,2884100
05-10-2016,157.070007,157.830002,156.720001,157.080002,131.87645,1684500
06-10-2016,156.839996,157.429993,155.889999,156.880005,131.708542,1950100
07-10-2016,157.139999,157.699997,154.860001,155.669998,130.692688,2671900
10-10-2016,156.710007,158.490005,156.660004,157.020004,131.82605,2481300
11-10-2016,156.729996,156.949997,153.889999,154.789993,129.953857,2901300
12-10-2016,154.970001,154.970001,153.080002,154.289993,129.534088,2964000
13-10-2016,153.699997,154.220001,152.270004,153.720001,129.055557,2909900
14-10-2016,154.470001,155.529999,154.089996,154.449997,129.668427,4358200
17-10-2016,154.449997,155.889999,154.339996,154.770004,129.937103,5890400
18-10-2016,150.020004,151,147.789993,150.720001,126.536896,12770600
19-10-2016,151.270004,152.449997,150.830002,151.259995,126.990273,4632900
20-10-2016,151.279999,152.899994,151.020004,151.520004,127.208542,4023100
21-10-2016,150.580002,151.149994,149.559998,149.630005,125.621788,4414200
24-10-2016,150.399994,151.520004,150.399994,150.570007,126.41095,2666700
25-10-2016,150.570007,151.160004,149.830002,150.880005,126.671242,2647500
26-10-2016,150.710007,152.940002,150.259995,151.809998,127.452034,2811700
27-10-2016,152.820007,154.059998,152.020004,153.350006,128.744965,4229300
28-10-2016,154.050003,154.440002,152.179993,152.610001,128.123657,3654500
31-10-2016,152.759995,154.330002,152.759995,153.690002,129.03035,3553200
01-11-2016,153.5,153.910004,151.740005,152.789993,128.274765,3191900
02-11-2016,152.479996,153.350006,151.669998,151.949997,127.569542,3074400
03-11-2016,152.509995,153.740005,151.800003,152.369995,127.92215,2878800
04-11-2016,152.399994,153.639999,151.869995,152.429993,127.972549,2470400
07-11-2016,153.990005,156.110001,153.839996,155.720001,130.73468,3804900
08-11-2016,154.559998,155.929993,153.059998,155.169998,131.454758,3921900
09-11-2016,152.960007,155.559998,151,154.809998,131.149765,5403700
10-11-2016,157.660004,161.160004,157.589996,160.220001,135.732925,7715800
11-11-2016,159.970001,161.339996,159.330002,161.270004,136.622482,4446600
14-11-2016,161.25,161.860001,157.580002,158.210007,134.030121,5196500
15-11-2016,158.419998,159.149994,157.550003,158.669998,134.419846,3477000
16-11-2016,158.460007,159.550003,158.029999,159.289993,134.945053,2252800
17-11-2016,159.220001,159.929993,158.850006,159.800003,135.377121,2261200
18-11-2016,159.800003,160.720001,159.210007,160.389999,135.876968,2981600
21-11-2016,160.690002,163,160.369995,162.770004,137.893204,4637100
22-11-2016,163,163,161.949997,162.669998,137.808502,2770800
23-11-2016,161.940002,162.380005,161.360001,161.979996,137.223953,2252700
25-11-2016,161.830002,163.190002,161.830002,163.139999,138.20665,1605300
28-11-2016,163.199997,164.660004,162.699997,164.520004,139.375748,4449400
29-11-2016,164,164.410004,163.029999,163.529999,138.537064,3148200
30-11-2016,163.350006,163.800003,162.210007,162.220001,137.427261,4397800
01-12-2016,161.949997,162.199997,158.300003,159.820007,135.394073,4635700
02-12-2016,159,160.289993,158.410004,160.020004,135.563522,2740900
05-12-2016,160.850006,161.149994,159.589996,159.839996,135.411011,3447100
06-12-2016,160.130005,160.789993,158.929993,160.350006,135.843048,2859000
07-12-2016,160.600006,165.179993,160.389999,164.789993,139.604492,4435100
08-12-2016,164.869995,166,164.220001,165.360001,140.087357,3266400
09-12-2016,165.179993,166.720001,164.600006,166.520004,141.070084,3146900
12-12-2016,166.720001,166.789993,165.070007,165.5,140.205994,3392300
13-12-2016,165.679993,169.949997,165.679993,168.289993,142.569565,5932300
14-12-2016,168.369995,169.889999,167.449997,168.509995,142.755936,4124200
15-12-2016,168.009995,169.850006,167.779999,168.020004,142.34082,3388600
16-12-2016,168.970001,169.110001,166.059998,166.729996,141.248016,7120600
19-12-2016,166.830002,167.259995,166,166.679993,141.205597,2955900
20-12-2016,167.490005,168.25,166.449997,167.600006,141.985031,2174600
21-12-2016,166.25,167.940002,165.25,167.330002,141.756271,3575700
22-12-2016,167.360001,168.229996,166.580002,167.059998,141.527527,2802600
23-12-2016,167,167.490005,166.449997,166.710007,141.231049,1701200
27-12-2016,166.979996,167.979996,166.850006,167.139999,141.595306,1397500
28-12-2016,167.289993,167.740005,166,166.190002,140.790512,1757500
29-12-2016,166.020004,166.990005,166,166.600006,141.137833,1663500
30-12-2016,166.440002,166.699997,165.5,165.990005,140.621094,2952800
03-01-2017,167,167.869995,166.009995,167.190002,141.637695,2934300
04-01-2017,167.770004,169.869995,167.360001,169.259995,143.391296,3381400
05-01-2017,169.25,169.389999,167.259995,168.699997,142.916901,2682300
06-01-2017,168.690002,169.919998,167.520004,169.529999,143.620056,2945500
09-01-2017,169.470001,169.800003,167.619995,167.649994,142.027374,3189900
10-01-2017,167.979996,168.089996,165.339996,165.520004,140.222916,4118700
11-01-2017,166.050003,167.759995,165.600006,167.75,142.112076,3599500
12-01-2017,167.770004,168.009995,165.559998,167.949997,142.28154,2927500
13-01-2017,167.970001,168.479996,166.880005,167.339996,141.764709,2875400
17-01-2017,166.690002,168.179993,166.119995,167.889999,142.230682,3315700
18-01-2017,167.449997,168.589996,166.690002,166.800003,141.307281,4007800
19-01-2017,166.960007,167.449997,165.800003,166.809998,141.315765,6963400
20-01-2017,167.809998,170.639999,166,170.550003,144.484146,12690000
23-01-2017,170.080002,171.25,170.009995,171.029999,144.890808,5478200
24-01-2017,171.360001,176,171.160004,175.899994,149.016495,6952400
25-01-2017,176.259995,179.25,176.130005,178.289993,151.041199,5922500
26-01-2017,178.059998,178.880005,177.509995,178.660004,151.354675,3063900
27-01-2017,178.470001,179.199997,177.300003,177.300003,150.20253,3482300
30-01-2017,176.979996,177.070007,174.580002,175.800003,148.931778,4094800
31-01-2017,175.050003,175.580002,173.610001,174.520004,147.847412,4139000
01-02-2017,175,175.699997,172.889999,174.289993,147.652542,2795700
02-02-2017,174.229996,174.970001,173.550003,174.580002,147.898239,2620500
03-02-2017,175,176.339996,174.889999,175.820007,148.9487,3309300
06-02-2017,175.309998,175.979996,174.380005,175.860001,148.98262,2650800
07-02-2017,176,178.619995,175.899994,178.460007,151.185242,3873500
08-02-2017,177.5,177.5,175.880005,176.169998,150.425308,2913100
09-02-2017,176.169998,177.800003,175.910004,177.210007,151.313324,3090700
10-02-2017,177.369995,178.869995,176.759995,178.679993,152.568481,2930700
13-02-2017,179.240005,179.899994,178.839996,179.360001,153.149109,3093400
14-02-2017,178.570007,180.130005,178.350006,180.130005,153.806625,2776500
15-02-2017,180.199997,181.919998,179.809998,181.679993,155.130066,2914300
16-02-2017,181.449997,182.789993,180.869995,181.429993,154.916595,3251500
17-02-2017,181.25,181.570007,180,180.669998,154.267685,3552500
21-02-2017,180.600006,180.789993,179.119995,180.259995,153.917618,4480300
22-02-2017,180.089996,181.339996,180.089996,181.149994,154.677536,3020500
23-02-2017,182,182.5,180.919998,181.649994,155.104477,2282500
24-02-2017,180.210007,181.490005,179.889999,181.350006,154.848312,3300100
27-02-2017,181.190002,181.25,179.279999,179.399994,153.183289,3691300
28-02-2017,179.380005,180.630005,179.350006,179.820007,153.541916,3273400
01-03-2017,180.479996,182.550003,180.029999,181.949997,155.360657,3005600
02-03-2017,181.880005,181.880005,180.429993,180.529999,154.148148,2918200
03-03-2017,180.529999,181.320007,179.759995,180.050003,153.738312,1822000
06-03-2017,179.720001,180.990005,179.570007,180.470001,154.096924,3204400
07-03-2017,180.710007,181.289993,180.199997,180.380005,154.020081,2980500
08-03-2017,180.75,180.949997,179.300003,179.449997,153.225952,3557400
09-03-2017,179.149994,179.25,175.880005,177.179993,151.287689,5444100
10-03-2017,178.210007,179.490005,177.419998,177.830002,151.842728,3100300
13-03-2017,177.850006,178.059998,176.419998,176.460007,150.672913,3482200
14-03-2017,176.179993,176.820007,175.210007,175.720001,150.041077,3147500
15-03-2017,175.710007,176.279999,174.75,175.809998,150.117935,3815500
16-03-2017,178.460007,179,176.820007,177.240005,151.338928,4311800
17-03-2017,176.289993,176.789993,175.649994,175.649994,149.981293,5921000
20-03-2017,175.649994,176.179993,175.139999,175.699997,150.024002,2476100
21-03-2017,176.009995,176.229996,173.839996,173.880005,148.469955,3927700
22-03-2017,174.039993,175.059998,172.800003,174.779999,149.238434,3450500
23-03-2017,174.429993,175.669998,173.559998,174.820007,149.272583,3740000
24-03-2017,175.119995,175.5,173.389999,173.830002,148.427261,3221700
27-03-2017,172.690002,174.160004,172.089996,173.770004,148.376022,3259000
28-03-2017,173.940002,175,173,174.509995,149.007889,3523900
29-03-2017,174.300003,174.490005,173.460007,173.940002,148.52121,3085600
30-03-2017,173.860001,174.589996,173.690002,173.860001,148.452881,3168300
31-03-2017,173.979996,174.949997,173.690002,174.139999,148.691956,2913700
03-04-2017,173.820007,174.869995,173.380005,174.5,148.999359,4286500
04-04-2017,173.520004,174.960007,173.259995,174.520004,149.016434,3108900
05-04-2017,174.699997,176.330002,172.809998,172.880005,147.616074,6238900
06-04-2017,173.470001,173.470001,172.25,172.449997,147.248932,3435400
07-04-2017,172.080002,172.929993,171.279999,172.139999,146.984238,3588300
10-04-2017,172.529999,172.559998,171,171.199997,146.18158,3789900
11-04-2017,170.649994,171.229996,168.979996,170.580002,145.652191,4891900
12-04-2017,171.039993,171.199997,170.020004,170.660004,145.720505,3276900
13-04-2017,169.919998,171.360001,169.529999,169.529999,144.755646,3205500
17-04-2017,169.75,171.300003,169.619995,171.100006,146.096222,3720200
18-04-2017,170.789993,171.690002,169.830002,170.050003,145.199677,6345500
19-04-2017,161.759995,162.639999,159.600006,161.690002,138.061325,19284300
20-04-2017,161.320007,162.399994,160.5,162.300003,138.582199,6486800
21-04-2017,162.050003,162.110001,160.380005,160.380005,136.94278,5607800
24-04-2017,161.289993,161.570007,160.419998,160.75,137.258713,5320600
25-04-2017,161.779999,162.039993,160.380005,160.389999,136.95134,4860400
26-04-2017,160.529999,161.100006,159.889999,160.059998,136.669525,4327800
27-04-2017,160.289993,160.479996,159.630005,160.320007,136.891556,4122600
28-04-2017,160.5,160.589996,159.699997,160.289993,136.865936,4154100
01-05-2017,160.050003,160.419998,158.699997,158.839996,135.627823,4935300
02-05-2017,159.440002,159.490005,158.639999,159.100006,135.849838,3208200
03-05-2017,158.740005,159.449997,158.520004,158.630005,135.448532,3993300
04-05-2017,158.889999,159.139999,158.360001,159.050003,135.807144,4280600
05-05-2017,153.520004,155.779999,153,155.050003,132.391693,12521300
08-05-2017,152.800003,153.470001,152.199997,153.029999,131.943298,7492000
09-05-2017,152.600006,153.100006,151.559998,152.110001,131.150101,6853000
10-05-2017,151.649994,152.369995,151.130005,151.25,130.40863,4999900
11-05-2017,151.050003,151.149994,149.789993,150.649994,129.891296,5627900
12-05-2017,150.300003,151.259995,150,150.369995,129.649857,3715300
15-05-2017,150.619995,151.830002,150.449997,151.509995,130.632797,4245500
16-05-2017,151.660004,153.990005,151.660004,153.679993,132.503754,5513700
17-05-2017,153.300003,154.139999,150.889999,150.929993,130.132706,5191500
18-05-2017,150.860001,151.330002,150.110001,150.779999,130.003387,3274200
19-05-2017,151.009995,152.460007,150.889999,151.979996,131.038055,5643000
22-05-2017,152.100006,152.839996,151.600006,152.639999,131.607071,3302100
23-05-2017,152.570007,153.679993,151.919998,152.029999,131.081116,2564500
24-05-2017,152.210007,152.759995,151.229996,152.509995,131.49501,3732400
25-05-2017,153.25,153.729996,152.949997,153.199997,132.08992,2582700
26-05-2017,152.850006,153,152.059998,152.490005,131.477737,2443300
30-05-2017,151.949997,152.669998,151.589996,151.729996,130.822464,3666000
31-05-2017,152.029999,152.800003,151.649994,152.630005,131.59848,3543400
01-06-2017,152.800003,152.869995,151.630005,152.669998,131.63295,2918100
02-06-2017,153.070007,153.199997,151.800003,152.050003,131.098358,3585700
05-06-2017,151.820007,152.929993,151.679993,152.410004,131.408783,3975100
06-06-2017,152,152.889999,152,152.369995,131.374283,3797200
07-06-2017,153.050003,154.199997,150.800003,150.979996,130.175797,4865700
08-06-2017,151,152.820007,150.919998,152.100006,131.141479,3709000
09-06-2017,152,154.259995,151.880005,154.100006,132.865906,4361500
12-06-2017,154.190002,157.199997,154.020004,155.179993,133.797089,6471500
13-06-2017,155.440002,155.479996,154.149994,154.25,132.995209,3523500
14-06-2017,153.970001,154.940002,152.940002,153.809998,132.615845,3049100
15-06-2017,153.289993,154.690002,153.289993,154.220001,132.969376,4654300
16-06-2017,154.229996,155.419998,152.970001,155.380005,133.969528,6742000
19-06-2017,155.509995,155.860001,154.539993,154.839996,133.503922,4629500
20-06-2017,154.479996,155.389999,154.25,154.949997,133.598785,4481700
21-06-2017,155.789993,155.789993,153.389999,153.789993,132.598602,3959700
22-06-2017,154.550003,154.990005,153.690002,154.399994,133.124542,2376500
23-06-2017,154.339996,154.679993,153.800003,154.110001,132.874542,3282200
26-06-2017,154.710007,155.75,154.630005,155.229996,133.840179,2153500
27-06-2017,155,155.339996,154.5,154.75,133.426346,2386500
28-06-2017,155.149994,155.550003,154.779999,155.320007,133.917801,2221000
29-06-2017,155.350006,155.740005,153.619995,154.130005,132.8918,3262200
30-06-2017,154.279999,154.5,153.139999,153.830002,132.633102,3571500
03-07-2017,153.580002,156.029999,153.520004,155.580002,134.141953,2822500
05-07-2017,155.770004,155.889999,153.630005,153.669998,132.495132,3564400
06-07-2017,153.360001,153.830002,152.229996,152.360001,131.365677,2757500
07-07-2017,152.619995,153.490005,152.139999,152.940002,131.865738,2460100
10-07-2017,152.910004,153.889999,152.630005,153.419998,132.279587,3206200
11-07-2017,153.259995,153.649994,152.050003,153.190002,132.081284,3447500
12-07-2017,153.479996,154.240005,153.050003,153.699997,132.521027,3097900
13-07-2017,153.699997,154.190002,153.190002,153.630005,132.460663,2476100
14-07-2017,154.009995,154.619995,153.399994,154.240005,132.986618,3256400
17-07-2017,153.589996,153.880005,152.240005,153.009995,131.926071,4762600
18-07-2017,152.360001,154.289993,152,154,132.779678,7566800
19-07-2017,150.020004,150.25,146.710007,147.529999,127.201187,14293600
20-07-2017,147.529999,148.830002,147.029999,147.660004,127.313293,7212200
21-07-2017,147.589996,147.869995,146.509995,147.080002,126.81321,6509500
24-07-2017,147,147.039993,145.800003,145.990005,125.873444,3877600
25-07-2017,146.570007,147.490005,146.029999,146.190002,126.045868,4208900
26-07-2017,146.270004,146.460007,144.470001,145.360001,125.330231,3932400
27-07-2017,145,145.399994,143.639999,145.070007,125.080185,6430800
28-07-2017,144.809998,145.039993,143.839996,144.289993,124.407669,3054800
31-07-2017,144.380005,144.929993,144.169998,144.669998,124.735291,4355700
01-08-2017,145,145.669998,144.720001,145.300003,125.278503,3219500
02-08-2017,145.119995,145.289993,144.220001,144.449997,124.545601,3540900
03-08-2017,144.429993,145.339996,144.429993,144.940002,124.968102,3035400
04-08-2017,145,145.389999,144.399994,145.160004,125.157806,2549400
07-08-2017,145,145.089996,142.75,143.470001,123.700661,4618300
08-08-2017,142,142.759995,142,142.110001,123.822647,3298700
09-08-2017,141.75,142.029999,141.190002,141.770004,123.52639,2925800
10-08-2017,141.639999,142.419998,141.229996,141.839996,123.587364,4525400
11-08-2017,142.449997,142.589996,141.520004,141.839996,123.587364,3004000
14-08-2017,142,142.759995,141.940002,142.320007,124.005608,2248600
15-08-2017,142.550003,143.339996,140.580002,142.070007,123.787781,4681500
16-08-2017,141.789993,142.910004,141.610001,142.5,124.162437,3287800
17-08-2017,142.520004,142.889999,140.699997,140.699997,122.59407,4422100
18-08-2017,140.869995,141.149994,139.580002,139.699997,121.722778,4152700
21-08-2017,139.589996,140.419998,139.130005,140.330002,122.27169,3190700
22-08-2017,140.639999,141.149994,140.380005,141.009995,122.864182,2544400
23-08-2017,140.699997,143.050003,140.679993,142.139999,123.84877,4048300
24-08-2017,142.5,143.679993,142.25,142.940002,124.545807,3592200
25-08-2017,143.300003,144.190002,143.25,143.740005,125.242874,2872900
28-08-2017,144.110001,144.559998,142.389999,142.509995,124.171143,5086000
29-08-2017,142.100006,143.429993,141.899994,143.139999,124.720085,3009500
30-08-2017,143.259995,143.279999,142.410004,142.559998,124.214737,2736000
31-08-2017,143.020004,143.660004,142.630005,143.029999,124.624245,3656400
01-09-2017,142.979996,144.5,142.979996,144.080002,125.539093,3351700
05-09-2017,143.5,144.360001,142.699997,143.039993,124.632957,3097500
06-09-2017,143.880005,144.470001,143.5,143.820007,125.312599,3273300
07-09-2017,144.100006,144.639999,142.410004,142.899994,124.510971,4188200
08-09-2017,143.149994,143.149994,141.639999,142.449997,124.118874,3366200
11-09-2017,143.539993,145.130005,143.009995,144.860001,126.218758,4613400
12-09-2017,145.110001,146.369995,144.509995,145.759995,127.00293,5238100
13-09-2017,145.350006,146.289993,145.339996,145.990005,127.203369,4101000
14-09-2017,145.860001,146.380005,145.509995,145.539993,126.811249,3756900
15-09-2017,144.820007,145.169998,144.080002,144.820007,126.183891,7397200
18-09-2017,144.809998,145.479996,144.270004,144.550003,125.948647,3019500
19-09-2017,144.789993,144.979996,144.220001,144.389999,125.809235,3464400
20-09-2017,144.929993,145.880005,144.419998,145.880005,127.107498,5447500
21-09-2017,145.649994,145.889999,145.100006,145.259995,126.567284,2555600
22-09-2017,145.589996,145.589996,144.589996,145.130005,126.454018,2792300
25-09-2017,145.119995,146.029999,144.910004,145.869995,127.09877,5213100
26-09-2017,146.360001,147.419998,145.940002,146.559998,127.700005,4488600
27-09-2017,146.679993,146.899994,145.029999,145.660004,126.915817,3502700
28-09-2017,145.660004,145.860001,144.210007,145.660004,126.915817,2774800
29-09-2017,145.449997,145.690002,144.919998,145.080002,126.410461,2654700
02-10-2017,145.350006,146.869995,145.210007,146.660004,127.787132,2973200
03-10-2017,146.690002,147.199997,146.339996,146.779999,127.891655,2302700
04-10-2017,147,147.020004,146.110001,146.479996,127.630287,2244400
05-10-2017,146.679993,147.539993,146.479996,146.720001,127.839401,2686500
06-10-2017,146.639999,146.850006,146.320007,146.479996,127.630287,2623200
09-10-2017,146.5,147.789993,146.350006,147.389999,128.423172,2682600
10-10-2017,147.710007,148.949997,147.649994,148.5,129.39032,4032600
11-10-2017,148.399994,148.470001,147.279999,147.619995,128.623581,3702200
12-10-2017,147.559998,147.889999,146.770004,147.029999,128.109497,3264300
13-10-2017,147.479996,147.850006,146.940002,147.100006,128.170502,2506600
16-10-2017,147.220001,147.669998,146.509995,146.830002,127.935226,3052100
17-10-2017,146.630005,147.119995,146.179993,146.539993,127.682571,6372400
18-10-2017,157.119995,161.229996,156.949997,159.529999,139.000946,30490200
19-10-2017,159.800003,160.960007,159.089996,160.899994,140.194656,9914200
20-10-2017,161.070007,162.479996,159.770004,162.070007,141.214081,7868800
23-10-2017,162.050003,162.509995,159.539993,159.550003,139.018402,5779400
24-10-2017,159.649994,159.699997,155.169998,155.880005,135.820648,8194700
25-10-2017,156.009995,156.369995,153.059998,153.5,133.746902,6921100
26-10-2017,154.309998,155.119995,153.539993,153.600006,133.834045,4300500
27-10-2017,154.539993,154.630005,152.910004,153.679993,133.903732,4895200
30-10-2017,153.759995,154.589996,152.710007,154.360001,134.496246,4210400
31-10-2017,154.330002,154.929993,152.929993,154.059998,134.234833,4328300
01-11-2017,154.100006,154.899994,153.830002,154.029999,134.208725,3240200
02-11-2017,154.179993,154.490005,152.910004,153.350006,133.616241,3397600
03-11-2017,153.419998,153.470001,151.490005,151.580002,132.073975,4431800
06-11-2017,151.770004,151.820007,150.279999,150.839996,131.429214,4498400
07-11-2017,151.369995,151.509995,150.5,151.350006,131.873566,3701100
08-11-2017,151.600006,151.789993,150.279999,151.570007,132.065277,4634400
09-11-2017,149.929993,151.800003,149.860001,150.300003,132.267685,4776500
10-11-2017,150.649994,150.889999,149.139999,149.160004,131.26445,4307300
13-11-2017,148.880005,149,147.919998,148.399994,130.595642,5107500
14-11-2017,147.949997,148.970001,147.490005,148.889999,131.026855,3758000
15-11-2017,148,148.710007,146.210007,147.100006,129.451614,4773300
16-11-2017,147.729996,149.649994,147.5,149.119995,131.229248,5446500
17-11-2017,149.339996,150.149994,148.830002,148.970001,131.097244,4916500
20-11-2017,150.639999,151.949997,149.899994,150.509995,132.452484,5676500
21-11-2017,151.300003,152.449997,151.199997,151.949997,133.719696,3756200
22-11-2017,152,152.389999,151.330002,151.770004,133.561325,3213600
24-11-2017,151.949997,152.199997,151.330002,151.839996,133.62291,1193000
27-11-2017,152.059998,152.490005,151.619995,151.979996,133.74614,3374000
28-11-2017,152.350006,152.929993,151.699997,152.470001,134.177338,3973700
29-11-2017,152.809998,153.610001,152.169998,153.550003,135.127762,5098700
30-11-2017,153.649994,154.410004,153.080002,153.970001,135.49736,6500800
01-12-2017,154.399994,155.020004,152.910004,154.759995,136.192581,5567900
04-12-2017,155.960007,156.800003,155.070007,156.460007,137.688644,4664300
05-12-2017,156.449997,156.740005,154.679993,155.350006,136.711823,5068000
06-12-2017,154.100006,156.220001,154.089996,154.100006,135.611786,3410700
07-12-2017,153.589996,154.449997,153.259995,153.570007,135.145355,3771100
08-12-2017,154.979996,155.029999,153.550003,154.809998,136.236572,3520300
11-12-2017,155.460007,155.889999,154.570007,155.410004,136.764587,4102700
12-12-2017,157.300003,157.850006,155.160004,156.740005,137.935043,6321800
13-12-2017,156.600006,156.729996,153.889999,153.910004,135.444565,5661600
14-12-2017,154.600006,155.110001,153.699997,154,135.523788,4637400
15-12-2017,153.610001,153.800003,152.029999,152.5,134.203751,11279900
18-12-2017,153.589996,154.179993,153.210007,153.330002,134.934143,5092800
19-12-2017,154.050003,154.169998,153.089996,153.229996,134.84613,4116400
20-12-2017,153.649994,153.889999,152.779999,152.949997,134.599731,3785700
21-12-2017,153.169998,153.460007,151.490005,151.5,133.3237,4153900
22-12-2017,151.820007,153,151.5,152.5,134.203751,2990600
26-12-2017,152.509995,153.860001,152.5,152.830002,134.494156,2479000
27-12-2017,152.949997,153.179993,152.610001,153.130005,134.758133,2149300
28-12-2017,153.199997,154.119995,153.199997,154.039993,135.558975,2687600
29-12-2017,154.169998,154.720001,153.419998,153.419998,135.013367,3327100
02-01-2018,154.5,154.809998,153.539993,154.25,135.743759,4202500
03-01-2018,157.339996,159.809998,156.330002,158.490005,139.475113,9441600
04-01-2018,159.649994,162.320007,159.369995,161.699997,142.299957,7556200
05-01-2018,162.440002,162.899994,161.100006,162.490005,142.995193,5195800
08-01-2018,162.660004,163.910004,161.699997,163.470001,143.85762,5237500
09-01-2018,163.899994,164.529999,163.059998,163.830002,144.174408,4341800
10-01-2018,162.910004,164.330002,162.5,164.179993,144.482391,4174100
11-01-2018,164.800003,164.940002,163.300003,164.199997,144.500046,3794500
12-01-2018,164.020004,164.740005,163.029999,163.139999,143.567184,5031900
16-01-2018,165.100006,165.289993,163.350006,163.850006,144.192017,7794200
17-01-2018,168.009995,169.130005,167.259995,168.649994,148.416138,11710000
18-01-2018,170,171.130005,168.149994,169.119995,148.829727,14259300
19-01-2018,164.460007,165.399994,161.300003,162.369995,142.889542,21172500
22-01-2018,161.509995,163.979996,161.110001,162.600006,143.09198,8480800
23-01-2018,162.820007,166.259995,162.509995,166.25,146.304108,7466200
24-01-2018,166.75,168.720001,164.820007,165.369995,145.529663,5645000
25-01-2018,165.910004,166.779999,165.190002,165.470001,145.617645,3302500
26-01-2018,166.119995,167.410004,165.789993,167.339996,147.26329,3787900
29-01-2018,167.449997,168.389999,166.009995,166.800003,146.788071,3517000
30-01-2018,166.210007,166.770004,163.160004,163.619995,143.989594,4902300
31-01-2018,163.75,164.990005,162.759995,163.699997,144.060028,4072800
01-02-2018,163.190002,164.130005,161.899994,162.399994,142.91597,4434200
02-02-2018,161.699997,162,158.869995,159.029999,139.950287,5251900
05-02-2018,157.889999,158.5,150,152.529999,134.230148,8746600
06-02-2018,150.289993,155.490005,149.110001,155.339996,136.702988,9867700
07-02-2018,154.169998,155.339996,153.279999,153.850006,135.391769,6149200
08-02-2018,152.479996,153.160004,147.5,147.589996,131.161606,6779100
09-02-2018,148.600006,150.539993,144.399994,149.509995,132.867905,7828300
12-02-2018,150.899994,152.399994,150.300003,151.399994,134.547501,5881400
13-02-2018,150.899994,151.179993,149.639999,150.75,133.969864,4891000
14-02-2018,150.190002,155,150,154.759995,137.533508,5479000
15-02-2018,155.5,156.860001,153.699997,156.009995,138.644394,5623600
16-02-2018,155.710007,157.789993,155.690002,156.179993,138.795471,4282900
20-02-2018,155.789993,155.960007,153.869995,155.160004,137.888992,4489600
21-02-2018,155.429993,156.789993,153.899994,153.960007,136.822556,3728600
22-02-2018,154.5,155.039993,152.789993,153.179993,136.129379,4024600
23-02-2018,154.300003,155.850006,154.070007,155.520004,138.208923,3256100
26-02-2018,155.809998,158.880005,155.509995,158.580002,140.928299,3610300
27-02-2018,158.460007,159.779999,156.529999,156.550003,139.124268,4237300
28-02-2018,157.5,158.139999,155.800003,155.830002,138.484421,3803500
01-03-2018,155.529999,156.970001,152.789993,153.809998,136.68924,4039300
02-03-2018,152.789993,154.759995,151.880005,154.490005,137.29361,3261100
05-03-2018,154.119995,157.490005,153.75,156.949997,139.479721,3670600
06-03-2018,157.279999,157.889999,155.160004,155.720001,138.386642,3685700
07-03-2018,155,158.830002,154.729996,158.320007,140.697266,4607700
08-03-2018,159,159.570007,155.070007,156.210007,138.822128,6455600
09-03-2018,157.470001,159.580002,157.300003,159.309998,141.577057,5022200
12-03-2018,159.639999,161.020004,158.869995,160.259995,142.421295,5063500
13-03-2018,160.089996,162.110001,158.809998,159.320007,141.585938,4185600
14-03-2018,160.169998,160.679993,157.740005,158.119995,140.519531,3631800
15-03-2018,158.710007,161.25,158.520004,159.610001,141.843643,3870600
16-03-2018,160.059998,161.979996,159.639999,160.259995,142.421295,9262700
19-03-2018,159.710007,159.889999,156.449997,157.350006,139.83522,5482000
20-03-2018,157.520004,157.929993,155.289993,156.199997,138.813202,4336700
21-03-2018,156.570007,158.199997,155.919998,156.690002,139.248688,3482200
22-03-2018,155,155.25,152,152.089996,135.160706,4746300
23-03-2018,152.25,152.580002,148.539993,148.889999,132.31691,4440900
26-03-2018,151.210007,153.660004,150.279999,153.369995,136.298218,4103900
27-03-2018,153.949997,154.869995,151.160004,151.910004,135.000732,3883700
28-03-2018,152.070007,153.860001,151.889999,152.520004,135.542847,3664800
29-03-2018,153.070007,153.889999,151.080002,153.429993,136.351547,3420000
02-04-2018,153.339996,153.380005,148.429993,150.070007,133.365555,5150400
03-04-2018,150.800003,151,148.300003,149.850006,133.170074,4135700
04-04-2018,147.889999,154.470001,147.449997,154.119995,136.964737,4805300
05-04-2018,154.440002,154.919998,153.339996,154.029999,136.884781,3185400
06-04-2018,153.460007,153.949997,149.539993,150.570007,133.809937,3672900
09-04-2018,151.800003,154.660004,151.740005,152.690002,135.693924,4413200
10-04-2018,155.029999,156.600006,154.75,155.389999,138.093384,3806400
11-04-2018,154.369995,155.779999,153.880005,155.360001,138.066727,3306500
12-04-2018,156.75,158.979996,156.669998,158.070007,140.475052,5639400
13-04-2018,158.669998,159.220001,155.910004,156.710007,139.266464,4057100
16-04-2018,157.990005,159.139999,157.669998,157.889999,140.315094,4186800
17-04-2018,158.820007,162,158.509995,160.910004,142.998962,10207500
18-04-2018,152.139999,152.630005,148.259995,148.789993,132.228027,20381700
19-04-2018,149.190002,149.210007,146.619995,147.699997,131.259369,8086100
20-04-2018,147.899994,147.970001,144.509995,144.899994,128.771042,8265600
23-04-2018,145.029999,145.960007,144.330002,145.860001,129.624191,5315600
24-04-2018,146.509995,147.300003,144.529999,145.559998,129.357574,4916500
25-04-2018,145.789993,146.399994,144.110001,145.940002,129.695282,7326400
26-04-2018,146.600006,147.360001,146.199997,146.720001,130.388458,4265800
27-04-2018,146.839996,147.25,145.660004,146.479996,130.175171,3205500
30-04-2018,146.860001,147.380005,144.960007,144.960007,128.824371,4415500
01-05-2018,144.649994,145.020004,143.470001,145,128.859909,4433400
02-05-2018,144.460007,144.820007,142.070007,142.449997,126.59375,5194900
03-05-2018,142.130005,142.229996,139.899994,141.990005,126.184944,5018600
04-05-2018,141.100006,144.350006,140.279999,143.910004,127.891235,4402200
07-05-2018,144,144.320007,142.639999,143.220001,127.278038,3657000
08-05-2018,143,143.509995,142.059998,143,127.082527,5369100
09-05-2018,141.899994,143.020004,141.279999,142.610001,128.142807,4196000
10-05-2018,143.149994,144.330002,143.009995,144.240005,129.607483,3726600
11-05-2018,144.110001,144.850006,143.580002,144.139999,129.517624,3073200
14-05-2018,144.470001,145.119995,144.139999,144.300003,129.661377,3216100
15-05-2018,143.5,143.990005,142.919998,143.740005,129.158218,4089400
16-05-2018,143.699997,145.029999,143.270004,144.630005,129.957901,3168700
17-05-2018,144.5,145.190002,143.770004,144.5,129.841095,3147700
18-05-2018,144.470001,144.940002,143.990005,144.080002,129.463699,2682200
21-05-2018,144.949997,146.039993,144.679993,145.490005,130.730667,2894700
22-05-2018,145.520004,146.199997,145,145.089996,130.371231,2284000
23-05-2018,144.350006,144.699997,143.479996,144.669998,129.993851,3459700
24-05-2018,144.389999,144.479996,142.949997,144.070007,129.454727,3398700
25-05-2018,143.899994,144.570007,143.460007,143.639999,129.068329,4914300
29-05-2018,142.529999,142.889999,140.210007,141.220001,126.893829,4537600
30-05-2018,141.899994,143.100006,141.820007,142.619995,128.151825,5118500
31-05-2018,142.809998,142.809998,141.050003,141.309998,126.974678,6830300
01-06-2018,142.429993,142.839996,141.619995,141.949997,127.549767,3857500
04-06-2018,142.300003,143.169998,142.179993,143.039993,128.529175,3035300
05-06-2018,143.050003,144.080002,143.039993,143.699997,129.122238,2836000
06-06-2018,144.339996,144.720001,143.539993,144.710007,130.0298,3220100
07-06-2018,145,146.699997,144.929993,145.360001,130.613861,4316500
08-06-2018,145,146.429993,144.369995,146.139999,131.314682,5210500
11-06-2018,146.619995,147.410004,146.139999,146.580002,131.710083,3260000
12-06-2018,147.100006,147.520004,146.619995,146.869995,131.970642,2640500
13-06-2018,146.789993,147.470001,146.199997,146.350006,131.503433,2968200
14-06-2018,146.649994,146.979996,145.089996,145.199997,130.470078,3326300
15-06-2018,144.899994,145.470001,143.699997,145.389999,130.640793,9116000
18-06-2018,144.179993,144.520004,143.139999,144.479996,129.82309,4286400
19-06-2018,143.119995,144.220001,142.949997,143.899994,129.301941,3487000
20-06-2018,144.220001,144.520004,142.410004,142.630005,128.160812,3329900
21-06-2018,142.589996,143.139999,140.830002,141.25,126.920784,3887700
22-06-2018,141.639999,141.809998,140.779999,141.279999,126.947746,5611300
25-06-2018,140.399994,140.399994,138.279999,138.789993,124.71032,8937100
26-06-2018,139.360001,139.850006,138.330002,139.080002,124.970932,4139500
27-06-2018,139.110001,139.779999,137.449997,137.479996,123.533241,4101800
28-06-2018,138.100006,140.539993,137.949997,140.039993,125.833519,4523700
29-06-2018,140.320007,141.360001,139.610001,139.699997,125.528008,3710100
02-07-2018,138.279999,140.220001,138.199997,139.860001,125.671791,3405400
03-07-2018,140.649994,140.940002,139.369995,139.570007,125.411224,1963200
05-07-2018,140.479996,141.429993,139.929993,141.429993,127.082512,3744700
06-07-2018,141.529999,142.940002,141.169998,142.479996,128.026016,2849000
09-07-2018,142.589996,144.720001,142.470001,144.389999,129.742249,3904700
10-07-2018,144.509995,145.589996,144.259995,144.710007,130.0298,3777000
11-07-2018,144,146.190002,144,144.940002,130.23645,3526600
12-07-2018,145.850006,146.830002,145.740005,146.449997,131.593277,3119500
13-07-2018,146.449997,146.979996,145.800003,145.899994,131.099045,3062600
16-07-2018,145.669998,145.789993,144.210007,145.460007,130.70372,3468800
17-07-2018,144.75,145,143.339996,143.490005,128.933548,5096700
18-07-2018,143.509995,144.800003,142.740005,144.520004,129.859055,6935300
19-07-2018,147.850006,150.539993,147.25,149.240005,134.10022,14655800
20-07-2018,148.580002,148.860001,146.259995,146.350006,131.503433,6414600
23-07-2018,146.350006,146.699997,145.009995,145.699997,130.919357,3897900
24-07-2018,146.699997,147.039993,145.919998,146.380005,131.530365,3891600
25-07-2018,146.009995,146.649994,145.5,146.619995,131.746017,3630900
26-07-2018,147.429993,149.270004,146.630005,146.710007,131.826904,4778000
27-07-2018,146.889999,147.139999,144.660004,145.149994,130.42514,3749300
30-07-2018,144.800003,146.240005,144.690002,145.490005,130.730667,3608200
31-07-2018,145.740005,145.800003,144.160004,144.929993,130.227463,5474200
01-08-2018,144.759995,145.190002,143.339996,143.5,128.942535,3388400
02-08-2018,142.860001,143.360001,142.330002,142.960007,128.457306,3841400
03-08-2018,143.240005,147.919998,143,147.699997,132.716461,8053600
06-08-2018,146.949997,147.199997,145.570007,146.029999,131.215851,3913700
07-08-2018,146.649994,147.639999,146.350006,147.009995,132.096481,3508800
08-08-2018,147.330002,147.429993,146.240005,146.889999,131.988617,3581100
09-08-2018,145.529999,145.940002,144.729996,144.770004,131.48909,3093500
10-08-2018,144.5,145.070007,143.880005,144.479996,131.225677,3003100
13-08-2018,144.149994,144.300003,142.529999,142.710007,129.618073,2858500
14-08-2018,143,143.820007,142.929993,143.360001,130.20845,2860000
15-08-2018,142.550003,144,142,143.910004,130.707977,4241500
16-08-2018,144.369995,145.679993,144.369995,145.339996,132.00679,5250700
17-08-2018,144.789993,146.389999,144.690002,146.059998,132.660751,2678600
20-08-2018,146.369995,147.160004,146.149994,146.509995,133.069443,2499700
21-08-2018,147,147.119995,145.889999,145.970001,132.578995,3106900
22-08-2018,146.009995,146.160004,145.190002,145.240005,131.91597,2389000
23-08-2018,145.039993,145.520004,144.75,145.369995,132.034027,2220400
24-08-2018,145.460007,146.089996,144.869995,146.039993,132.642593,2776600
27-08-2018,146.940002,147.619995,146.520004,146.690002,133.232925,3491600
28-08-2018,146.949997,146.990005,146.190002,146.589996,133.14212,2455300
29-08-2018,146.869995,147.929993,146.600006,147.539993,134.004974,3153800
30-08-2018,147.029999,147.300003,145.25,145.929993,132.542679,3340400
31-08-2018,145.720001,146.779999,145.539993,146.479996,133.042191,3488500
04-09-2018,145.979996,146.190002,144.809998,145.679993,132.315613,3326200
05-09-2018,145.190002,146.75,145.050003,146.660004,133.205719,3126500
06-09-2018,146.880005,147.660004,145.539993,146.389999,132.96051,4248800
07-09-2018,145.940002,146.5,145.119995,145.449997,132.106705,4693100
10-09-2018,146.600006,147.300003,145.559998,145.649994,132.288361,3618300
11-09-2018,146,146.990005,145.25,146.490005,133.0513,3374700
12-09-2018,146.369995,147.979996,146.029999,146.570007,133.123962,4506700
13-09-2018,147.350006,149,147.119995,148.949997,135.285629,5346500
14-09-2018,148.850006,149.300003,147.779999,148.330002,134.722488,3452100
17-09-2018,148.440002,149.070007,147.770004,147.940002,134.368271,3551900
18-09-2018,147.759995,148.990005,147.470001,148.559998,134.931412,3629400
19-09-2018,148.630005,149.960007,148.229996,149.059998,135.385513,4246200
20-09-2018,149.580002,151.380005,149.440002,151.149994,137.283798,5952200
21-09-2018,151.479996,152.600006,150.740005,151.350006,137.465469,19947500
24-09-2018,151.100006,151.199997,149.460007,150.029999,136.266541,4265000
25-09-2018,149.910004,150.410004,148.360001,148.910004,135.249298,4397500
26-09-2018,152.399994,153.350006,151.339996,151.610001,137.701614,7401900
27-09-2018,152.009995,152.389999,151.160004,151.5,137.6017,3477600
28-09-2018,151.160004,151.630005,150.789993,151.210007,137.338303,3305800
01-10-2018,151.710007,153.419998,151.710007,153,138.964081,3757400
02-10-2018,152.990005,153.839996,152.5,153.75,139.645264,3029900
03-10-2018,154,154.360001,152.800003,153.220001,139.163879,3315300
04-10-2018,151.690002,152.800003,150.360001,151.309998,137.429108,4237900
05-10-2018,150.899994,151.789993,147.869995,149.029999,135.358292,4602200
08-10-2018,148.5,149.070007,147.179993,148.389999,134.776993,3239300
09-10-2018,148.080002,148.360001,146.929993,147.240005,133.732483,3642400
10-10-2018,147.5,147.690002,142.5,142.690002,129.599899,5547700
11-10-2018,142.619995,144.190002,138.779999,139.020004,126.266571,8710500
12-10-2018,141.119995,141.539993,139.080002,140.850006,127.928696,6563400
15-10-2018,140.380005,142.259995,140.139999,141.130005,128.183014,4965500
16-10-2018,142.929993,145.449997,141.580002,145.119995,131.806961,8695500
17-10-2018,135.889999,137.149994,133.419998,134.050003,121.752525,19464000
18-10-2018,132.729996,133.399994,130.039993,130.550003,118.573601,10011700
19-10-2018,130.649994,131.889999,127.959999,129.100006,117.256622,7791600
22-10-2018,129.580002,130.440002,128.399994,130.020004,118.092216,5719500
23-10-2018,129.020004,131.899994,128.410004,131.210007,119.173058,6463600
24-10-2018,131.169998,131.690002,127,127.209999,115.540009,5710300
25-10-2018,127.25,127.790001,125.139999,126.449997,114.849724,10304300
26-10-2018,125.209999,125.779999,123.709999,124.790001,113.342018,8767000
29-10-2018,119.339996,123.949997,118.300003,119.639999,108.664467,20450400
30-10-2018,120.480003,121.5,115.150002,115.400002,104.813431,21458600
31-10-2018,116.489998,116.5,114.089996,115.43,104.840683,21645000
01-11-2018,115.5,117,115.110001,116.830002,106.112251,13626700
02-11-2018,117.510002,117.75,114.540001,115.669998,105.058655,10592700
05-11-2018,116.099998,120.769997,116,120.059998,109.045929,9144600
06-11-2018,120.699997,123.809998,120.309998,123.120003,111.825218,9597400
07-11-2018,123.790001,125.059998,122.330002,124.839996,113.387421,12382700
08-11-2018,122.660004,124.400002,122.629997,123.379997,113.488602,10396400
09-11-2018,123.610001,124.57,121.959999,123.540001,113.635788,6961800
12-11-2018,123.5,123.57,120.650002,120.900002,111.20742,5379100
13-11-2018,121.190002,122.25,119.900002,120.839996,111.152237,4084400
14-11-2018,121.110001,121.93,119.769997,120.199997,110.563545,4762300
15-11-2018,119.660004,121.440002,119.510002,121.440002,111.70414,5207900
16-11-2018,120.889999,121.849998,120.540001,121.57,111.823708,4076300
19-11-2018,121.629997,122.18,119.769997,120.309998,110.664734,4131200
20-11-2018,118.489998,119.489998,116.699997,117.199997,107.804054,6233800
21-11-2018,117.610001,119.510002,117.389999,118.57,109.064224,5335800
23-11-2018,118.089996,118.339996,116.910004,117.190002,107.794861,2334700
26-11-2018,118.370003,120.25,118.059998,119.559998,109.974861,5011100
27-11-2018,118.379997,120.040001,118.370003,120.029999,110.407173,4903800
28-11-2018,121.010002,123.089996,120.220001,123,113.139069,5104500
29-11-2018,122.440002,123.120003,121.400002,121.480003,111.740929,5200100
30-11-2018,121.660004,124.690002,121.480003,124.269997,114.307259,7251600
03-12-2018,125.669998,126.589996,124.360001,125.309998,115.26387,5846400
04-12-2018,124.489998,124.919998,121.330002,121.599998,111.851303,6000700
06-12-2018,119.720001,123.910004,119.300003,123.910004,113.97612,6938000
07-12-2018,123.900002,124.050003,118.870003,119.339996,109.772484,7019600
10-12-2018,119.739998,121.68,118.519997,121.129997,111.418983,6549500
11-12-2018,123.25,123.809998,120,120.889999,111.198219,5043100
12-12-2018,122.510002,122.879997,121,121.160004,111.446587,3560500
13-12-2018,121.260002,121.790001,120.169998,120.730003,111.051064,3993600
14-12-2018,119.5,121.110001,119.440002,119.900002,110.28759,4554200
17-12-2018,119.07,119.779999,115.07,116.099998,106.792252,7374500
18-12-2018,116.900002,118.230003,116.019997,116.650002,107.298157,6290200
19-12-2018,117.150002,120.269997,115.970001,116.43,107.095795,6979800
20-12-2018,115.699997,116.449997,111.699997,113.019997,103.95916,8454400
21-12-2018,112.5,115.279999,110.440002,110.940002,102.045921,10386500
24-12-2018,109.900002,111,107.5,107.57,98.946083,3821400
26-12-2018,108,111.389999,105.940002,111.389999,102.459846,6645800
27-12-2018,109.989998,113.779999,109.470001,113.779999,104.658234,6045600
28-12-2018,114.220001,114.800003,112.5,113.029999,103.968369,5117500
31-12-2018,113.330002,114.349998,112.419998,113.669998,104.557053,4982800
02-01-2019,112.010002,115.980003,111.690002,115.209999,105.973587,4239900
03-01-2019,114.529999,114.879997,112.690002,112.910004,103.857986,4346700
04-01-2019,114.910004,117.489998,114.440002,117.32,107.914429,4477800
07-01-2019,117.5,118.830002,116.669998,118.150002,108.677902,3751200
08-01-2019,119.660004,120.57,118.980003,119.830002,110.223206,4763600
09-01-2019,120.910004,121.400002,119.870003,120.690002,111.014267,3633700
10-01-2019,120.080002,121.860001,119.949997,121.790001,112.026085,3910000
11-01-2019,121.580002,121.620003,120.199997,121.459999,111.722542,3722400
14-01-2019,120.510002,120.650002,119.760002,120.389999,110.738312,5228700
15-01-2019,120.959999,121.93,120.82,121.730003,111.970894,3507500
16-01-2019,121.580002,122,120.830002,121.620003,111.869705,3841100
17-01-2019,120.559998,122.410004,120.550003,122.190002,112.394012,5029900
18-01-2019,123.269997,124.720001,122.709999,123.82,113.893326,6008500
22-01-2019,123.300003,123.800003,121.540001,122.519997,112.697548,10052400
23-01-2019,131.369995,135,130.309998,132.889999,122.236191,22063700
24-01-2019,132.630005,133.210007,131.429993,132.529999,121.905045,6322900
25-01-2019,132.869995,134.440002,132.429993,133.970001,123.229599,5707400
28-01-2019,133.100006,134.809998,132.580002,134.270004,123.505562,5357700
29-01-2019,134.289993,135.410004,133.600006,134.330002,123.56073,5037100
30-01-2019,134,135.029999,133.25,134.380005,123.606735,4500900
31-01-2019,134.449997,134.720001,133.740005,134.419998,123.643517,4884000
01-02-2019,134.970001,135.199997,133.350006,134.100006,123.349197,3806000
04-02-2019,134.020004,135.199997,132.990005,135.190002,124.351791,3966600
05-02-2019,135.279999,135.820007,134.919998,135.550003,124.68293,5398900
06-02-2019,135.220001,136.649994,135.169998,136.320007,125.391205,4879700
07-02-2019,133.550003,134.470001,132.119995,133.190002,123.939552,4379400
08-02-2019,132.339996,133.710007,132.190002,133.710007,124.423431,3249800
11-02-2019,134.289993,135.149994,133.910004,133.990005,124.683998,3095100
12-02-2019,135.149994,136.199997,134.860001,136.050003,126.600929,3317200
13-02-2019,136.919998,137.919998,136.410004,137.520004,127.968811,4253000
14-02-2019,137.169998,137.600006,136.210007,136.479996,127.00106,2789400
15-02-2019,137.580002,138.190002,137.389999,138.029999,128.443405,3844100
19-02-2019,137.809998,138.699997,137.360001,138.699997,129.066864,3385700
20-02-2019,138.759995,139.240005,137.220001,138,128.415497,3802000
21-02-2019,137.820007,138.350006,137.350006,137.839996,128.266586,2937300
22-02-2019,138.729996,139.380005,138.429993,139.25,129.57869,3113700
25-02-2019,140,140.470001,139.320007,139.460007,129.774078,3194200
26-02-2019,139.669998,140.490005,139.470001,139.720001,130.016022,3060400
27-02-2019,139.25,139.570007,138.399994,139.169998,129.504211,2530900
28-02-2019,138.770004,139.059998,137.720001,138.130005,128.536469,3457800
01-03-2019,139.309998,140.039993,138.639999,139.199997,129.532135,3030000
04-03-2019,139.990005,140.080002,137.169998,138.429993,128.815613,3406900
05-03-2019,138.369995,138.740005,137.559998,137.880005,128.303833,4250300
06-03-2019,138.119995,138.389999,136.720001,136.979996,127.466324,2768300
07-03-2019,136.610001,136.889999,134.630005,135.360001,125.958839,4358800
08-03-2019,134.210007,135.240005,133.580002,135.089996,125.707573,3773600
11-03-2019,136.029999,137.729996,135.839996,137.710007,128.145645,3939300
12-03-2019,138.520004,139.699997,137.860001,138.279999,128.676041,3954700
13-03-2019,138.050003,139.320007,137.850006,138.559998,128.9366,3173200
14-03-2019,138.509995,138.940002,138.059998,138.789993,129.150589,2738600
15-03-2019,139.369995,140.330002,139.229996,139.429993,129.746155,7153700
18-03-2019,139.830002,140.369995,138.720001,140.210007,130.472,3268500
19-03-2019,140.960007,141.699997,140,140.490005,130.732544,3482300
20-03-2019,140.529999,140.699997,138.979996,139.600006,129.904358,3649500
21-03-2019,139.100006,142.119995,138.880005,141.440002,131.616547,3605400
22-03-2019,140.970001,141.440002,138.899994,139.449997,129.764771,3877200
25-03-2019,139.059998,139.910004,138.350006,139.179993,129.513519,2839800
26-03-2019,139.929993,141.020004,139.419998,140.220001,130.481293,2553700
27-03-2019,140.410004,140.490005,138.399994,139.240005,129.569351,3098200
28-03-2019,139.910004,140.440002,139.100006,139.919998,130.202133,2663900
29-03-2019,140.5,141.220001,140.149994,141.100006,131.300186,3101400
01-04-2019,141.509995,143.410004,141.509995,143.300003,133.347382,3984300
02-04-2019,143.350006,143.949997,142.600006,143,133.068207,2404800
03-04-2019,143.649994,144.220001,143.009995,143.630005,133.65448,2681200
04-04-2019,143.619995,144.139999,142.539993,142.779999,132.863495,2771100
05-04-2019,143.289993,143.5,142.460007,143.279999,133.328751,2731800
08-04-2019,143.020004,143.419998,142.869995,143.389999,133.431122,2118200
09-04-2019,142.660004,142.949997,141.839996,142.110001,132.240036,3038500
10-04-2019,142.199997,143.5,141.979996,143.020004,133.086838,2678000
11-04-2019,143.800003,144.110001,143.029999,143.779999,133.794052,2942000
12-04-2019,144.259995,144.440002,143.699997,144.350006,134.324448,2898900
15-04-2019,144.399994,144.460007,143.270004,143.899994,133.905731,3603200
16-04-2019,144.399994,145.389999,144.020004,145.139999,135.059586,6301700
17-04-2019,137.369995,141.979996,136.259995,139.110001,129.448395,12525700
18-04-2019,139,140.490005,138.699997,140.330002,130.583664,4960000
22-04-2019,139.419998,140.559998,138.479996,138.889999,129.243683,4494000
23-04-2019,139.149994,140.919998,138.940002,140.440002,130.686005,4462200
24-04-2019,140.600006,141.309998,139.779999,139.949997,130.230042,2774900
25-04-2019,139.699997,139.75,137.710007,138.630005,129.001724,2910100
26-04-2019,139.339996,139.889999,138.809998,139.440002,129.755463,2319800
29-04-2019,139.149994,139.630005,138.809998,139.050003,129.392563,2958300
30-04-2019,139.110001,140.440002,138.679993,140.270004,130.527832,4638800
01-05-2019,140.550003,141.809998,140.169998,140.559998,130.797684,3053700
02-05-2019,140.5,141.279999,139.410004,139.589996,129.895065,3541400
03-05-2019,139.699997,141,139.630005,140.25,130.509216,2579900
06-05-2019,138.300003,140.690002,137.899994,140.380005,130.630203,2793300
07-05-2019,139.149994,139.509995,136.190002,137.639999,128.08049,4726800
08-05-2019,137.770004,138.699997,137.130005,138,128.415497,3818900
09-05-2019,134.889999,135.580002,133.029999,135.339996,127.436226,4192700
10-05-2019,134.880005,135.75,132.419998,135.320007,127.417404,3977600
13-05-2019,133.279999,133.570007,130.960007,131.419998,123.745148,4958000
14-05-2019,131.820007,134.320007,131.679993,133.309998,125.52478,3280400
15-05-2019,132.589996,134.589996,132.369995,134.399994,126.551117,2551000
16-05-2019,134.740005,136.110001,134.639999,135.880005,127.944679,3017300
17-05-2019,134.679993,135.410004,133.940002,134.320007,126.475777,2619100
20-05-2019,133.529999,135.429993,132.929993,135.119995,127.229073,3264500
21-05-2019,136.119995,137.059998,135.789993,136.449997,128.4814,2503500
22-05-2019,136,136.75,135.710007,136.350006,128.387253,1849800
23-05-2019,135.130005,135.130005,130.440002,132.389999,124.658485,5343400
24-05-2019,133.529999,134.25,131.589996,132.279999,124.554924,2596100
28-05-2019,132.130005,132.639999,130.270004,130.460007,122.841217,4908800
29-05-2019,130,130.279999,128.320007,129.690002,122.11618,3679000
30-05-2019,129.740005,129.970001,128.929993,129.570007,122.003189,2741900
31-05-2019,128.440002,128.440002,126.849998,126.989998,119.57386,3539300
03-06-2019,127.099998,128.559998,127.059998,128.270004,120.779114,4266900
04-06-2019,129.559998,132.740005,129.089996,132.690002,124.940979,3913500
05-06-2019,133.380005,133.610001,130.470001,131.490005,123.811066,3161300
06-06-2019,132.190002,132.649994,130.899994,132.220001,124.498444,2298200
07-06-2019,132.470001,134.720001,132.210007,133.309998,125.52478,2553400
10-06-2019,134.380005,135.350006,133.910004,134.740005,126.871254,2911300
11-06-2019,135.320007,136.460007,135.050003,135.949997,128.010605,3407300
12-06-2019,135.559998,135.940002,134.410004,134.869995,126.993652,2254700
13-06-2019,135.130005,136.270004,135.089996,135.759995,127.831665,2955300
14-06-2019,135.440002,135.880005,134.429993,135.149994,127.257301,2193300
17-06-2019,135.389999,136.029999,134.699997,134.949997,127.069,2194100
18-06-2019,135.199997,137.190002,135.199997,136.380005,128.415497,2914700
19-06-2019,136.429993,138.360001,136.240005,137.080002,129.0746,2382400
20-06-2019,138.929993,139.539993,138.199997,138.850006,130.741226,3071000
21-06-2019,138.440002,139.539993,138.389999,139.199997,131.070801,5288700
24-06-2019,139.199997,140.149994,139.050003,139.350006,131.212051,2186000
25-06-2019,139.460007,139.550003,138.130005,138.360001,130.279846,2801200
26-06-2019,138.869995,139.679993,138.410004,138.520004,130.430511,2284600
27-06-2019,138.720001,139.300003,137.949997,138.520004,130.430511,2149800
28-06-2019,138.570007,139.139999,137.839996,137.899994,129.84671,6153900
01-07-2019,139.600006,141.490005,139.279999,139.880005,131.711075,3377700
02-07-2019,139.75,140.429993,139.470001,140.220001,132.031219,2409700
03-07-2019,140.720001,141.820007,140.429993,141.539993,133.274124,1930400
05-07-2019,140.869995,141.490005,139.910004,141.380005,133.123489,2134700
08-07-2019,141.050003,141.289993,140.270004,140.570007,132.360794,2395300
09-07-2019,140.610001,140.990005,139.130005,139.330002,131.193192,3365200
10-07-2019,140,141.910004,139.789993,140.470001,132.266617,2513900
11-07-2019,140.789993,141.580002,140.300003,141.240005,132.991684,2132900
12-07-2019,141.919998,142.919998,141.660004,142.740005,134.404068,2786200
15-07-2019,142.889999,143.509995,142.119995,143.320007,134.950195,2368300
16-07-2019,143.169998,144.039993,143.020004,143.529999,135.147919,3474700
17-07-2019,143.610001,143.800003,141.949997,143.070007,134.714813,6064300
18-07-2019,142.5,150.309998,142.199997,149.630005,140.891693,12695400
19-07-2019,149.960007,151.580002,149.550003,149.679993,140.938766,7290700
22-07-2019,150.160004,151.940002,149.699997,149.740005,140.99527,4092600
23-07-2019,150.570007,150.720001,148.380005,150.380005,141.597916,3742200
24-07-2019,150.119995,151.449997,149.199997,150.029999,141.268326,2952400
25-07-2019,149.820007,150.619995,148.610001,150.389999,141.6073,3102100
26-07-2019,151,151.410004,150.100006,151.360001,142.520645,2904300
29-07-2019,151.110001,151.479996,150.320007,150.880005,142.068695,2075500
30-07-2019,150,150.399994,149.220001,149.770004,141.023514,2632700
31-07-2019,149.699997,150.179993,146.389999,148.240005,139.58287,3722900
01-08-2019,148.899994,152.820007,148.5,150.320007,141.541397,6344000
02-08-2019,149.029999,152.949997,145.589996,147.25,138.650681,8101700
05-08-2019,144.979996,145.100006,139.149994,140.759995,132.539688,7114900
06-08-2019,142.029999,142.470001,139.309998,140.729996,132.511444,5070700
07-08-2019,138.740005,139.580002,136.410004,139.110001,130.986069,5931900
08-08-2019,138.449997,140.419998,137.759995,140.100006,133.47258,5261100
09-08-2019,139.270004,139.309998,135.350006,136.130005,129.690384,5244600
12-08-2019,135.660004,135.869995,133.179993,134.119995,127.775467,3895600
13-08-2019,133.800003,136.570007,132.809998,135.789993,129.366455,4522100
14-08-2019,133.910004,134.160004,130.979996,131.25,125.041237,5114200
15-08-2019,131.220001,132.369995,130.25,131.919998,125.679535,3738900
16-08-2019,133.039993,134.589996,132.949997,133.759995,127.432487,3012000
19-08-2019,134.880005,136.330002,134.880005,135.039993,128.651947,3165100
20-08-2019,135.240005,135.279999,132.809998,133,126.708443,3018600
21-08-2019,134.960007,135.940002,133.800003,134.25,127.899323,2805700
22-08-2019,134.690002,135.679993,133.809998,134.320007,127.965996,2694900
23-08-2019,133.630005,134.259995,128.830002,129.570007,123.440712,4818400
26-08-2019,131.050003,131.300003,129.160004,129.990005,123.840851,2833900
27-08-2019,131.199997,131.699997,130.309998,131.169998,124.965019,4728000
28-08-2019,130.440002,132.889999,130.039993,132.759995,126.479797,2713600
29-08-2019,134.179993,135.690002,134.039993,134.880005,128.499542,2971800
30-08-2019,135.580002,136.070007,134.360001,135.529999,129.118759,2960600
03-09-2019,134.850006,134.899994,133.330002,134.100006,127.756432,2827900
04-09-2019,135.710007,136.429993,135.149994,136.320007,129.871414,2247900
05-09-2019,138.300003,141.699997,138.050003,140.970001,134.301422,5011600
06-09-2019,141.520004,141.529999,140.460007,140.570007,133.920349,2576800
09-09-2019,140.589996,143.020004,140.460007,142.600006,135.854324,4226600
10-09-2019,143,145.460007,142.960007,145.050003,138.188431,4979700
11-09-2019,144.850006,145.119995,142.710007,143.600006,136.807022,3869700
12-09-2019,144.029999,144.039993,141.880005,143.619995,136.82608,2505400
13-09-2019,144.320007,144.649994,143.259995,143.669998,136.873703,2206600
16-09-2019,142.559998,143.639999,142.270004,142.479996,135.740005,1928500
17-09-2019,142.479996,142.479996,140.660004,142.199997,135.473251,2933200
18-09-2019,142.050003,142.300003,140.509995,142.220001,135.492294,1983600
19-09-2019,142.460007,145.029999,142.449997,142.970001,136.206818,3089900
20-09-2019,143.25,143.830002,141.820007,141.880005,135.168396,5193400
23-09-2019,141.190002,142.220001,140.559998,142.070007,135.349411,1817900
24-09-2019,142.5,142.889999,141.070007,141.679993,134.977844,3231600
25-09-2019,141.740005,143.630005,140.860001,143.160004,136.387833,2526700
26-09-2019,143.169998,143.880005,141.410004,143.550003,136.759384,2309800
27-09-2019,144.410004,145.089996,142.380005,143.240005,136.464066,2356800
30-09-2019,143.729996,146.570007,143.729996,145.419998,138.540909,3988400
01-10-2019,145.589996,147.350006,143.539993,143.660004,136.864182,2960800
02-10-2019,142.190002,142.270004,140.570007,141.690002,134.987381,3340800
03-10-2019,141.619995,142.070007,139.179993,142.020004,135.301773,2928800
04-10-2019,142.059998,143.059998,141.029999,142.990005,136.225891,2413600
07-10-2019,142.259995,142.699997,141.220001,141.279999,134.596756,2426500
08-10-2019,140.240005,140.470001,138.25,138.380005,131.833969,3225400
09-10-2019,139.770004,140.330002,138.789993,139.669998,133.062927,2620800
10-10-2019,139.770004,141.779999,139.559998,141.130005,134.453857,2593700
11-10-2019,142.770004,144.5,142.610001,142.759995,136.006744,2996800
14-10-2019,142.309998,142.429993,141.320007,142.039993,135.320816,2309500
15-10-2019,142.539993,143.720001,141.809998,143,136.235397,3025500
16-10-2019,142.490005,142.949997,141.389999,142.110001,135.387497,5332600
17-10-2019,135,136,132.910004,134.259995,127.908836,15759800
18-10-2019,134.220001,134.490005,132.25,134.089996,127.74688,7177500
21-10-2019,132.610001,133.100006,130.899994,132.580002,126.308311,6306100
22-10-2019,132.550003,134.050003,131.610001,133.960007,127.623032,4161600
23-10-2019,133.520004,134.570007,132.699997,134.380005,128.023178,3610900
24-10-2019,134.830002,135.070007,133.300003,134.070007,127.727844,2598500
25-10-2019,134.119995,135.929993,134.100006,135.440002,129.033035,2579100
28-10-2019,136,136.630005,135.449997,135.970001,129.537964,3225700
29-10-2019,135.419998,135.570007,133.440002,133.820007,127.489677,4160700
30-10-2019,133.830002,135.279999,133.199997,135.25,128.852005,2252700
31-10-2019,135.110001,135.25,133.229996,133.729996,127.403915,3412100
01-11-2019,134.5,135.559998,134.089996,135.529999,129.118759,3089800
04-11-2019,136.240005,137.740005,136.229996,137.669998,131.157547,3335400
05-11-2019,137.800003,138.759995,137.630005,137.889999,131.367126,3015000
06-11-2019,138,138.779999,137.550003,138.779999,132.215042,4477300
07-11-2019,137.869995,139.139999,137.580002,137.690002,132.725922,4073800
08-11-2019,137.580002,137.610001,136.160004,137.610001,132.648804,2278400
11-11-2019,137.199997,137.199997,135,135.470001,130.585953,2568000
12-11-2019,135.869995,136.660004,135.020004,135.589996,130.70163,3046500
13-11-2019,135.389999,135.580002,133.850006,134.479996,129.631638,2918400
14-11-2019,134.130005,134.330002,133.330002,134,129.168945,4231300
15-11-2019,134.389999,135.119995,134.029999,134.399994,129.554535,3262500
18-11-2019,134.300003,134.479996,133.229996,134.309998,129.467773,3210400
19-11-2019,134.880005,135.380005,134.460007,134.520004,129.670212,2995000
20-11-2019,134.059998,134.460007,132.75,133.199997,128.397797,4138200
21-11-2019,133.399994,134.169998,132.979996,133.839996,129.014725,3345300
22-11-2019,134.190002,134.649994,133.589996,134.339996,129.496689,3297500
25-11-2019,134.470001,136,134.350006,135.970001,131.067932,2590100
26-11-2019,136.149994,136.149994,134.770004,135.089996,130.21965,3793200
27-11-2019,135.350006,135.710007,133.619995,133.770004,128.94725,3280900
29-11-2019,133.600006,134.520004,133.029999,134.449997,129.602737,1825300
02-12-2019,134.449997,134.5,132.479996,132.910004,128.118256,3067100
03-12-2019,132,132.440002,130.690002,132.119995,127.356728,3642500
04-12-2019,132.860001,133.679993,131.960007,131.990005,127.23143,3530000
05-12-2019,132.990005,133.240005,131.630005,131.910004,127.154297,3595400
06-12-2019,132.75,133.889999,132.699997,133.220001,128.417084,3437500
09-12-2019,133.350006,134.589996,133.259995,133.919998,129.091843,2968500
10-12-2019,133.919998,134.839996,133.559998,133.910004,129.082214,3480400
11-12-2019,134.110001,134.509995,133.669998,133.759995,128.937607,3953300
12-12-2019,133.699997,135.660004,133.660004,135.320007,130.441376,4824100
13-12-2019,134.75,135.5,134.009995,134.210007,129.371399,2535000
16-12-2019,134.940002,135.449997,133.850006,134.130005,129.294281,3049200
17-12-2019,134.279999,134.690002,133.460007,134.220001,129.381012,2907200
18-12-2019,134.550003,135,134.149994,134.410004,129.564163,3101800
19-12-2019,134.460007,134.729996,134.190002,134.559998,129.708755,3866500
20-12-2019,135.740005,136.419998,134.949997,135.589996,130.70163,7111800
23-12-2019,135.779999,136.149994,135,135.550003,130.663071,2803200
24-12-2019,135.610001,135.619995,134.610001,134.979996,130.113617,1202100
26-12-2019,134.979996,135.309998,134.649994,134.910004,130.046158,2129700
27-12-2019,135,135.75,134.869995,135.270004,130.393173,2752200
30-12-2019,135.199997,135.300003,132.5,132.809998,128.021866,4118900
31-12-2019,132.529999,134.119995,132.399994,134.039993,129.207504,3777500
02-01-2020,135,135.919998,134.770004,135.419998,130.53775,3148600
03-01-2020,133.570007,134.860001,133.559998,134.339996,129.496689,2373700
06-01-2020,133.419998,134.240005,133.199997,134.100006,129.265366,2425500
07-01-2020,133.690002,134.960007,133.399994,134.190002,129.352097,3090800
08-01-2020,134.509995,135.860001,133.919998,135.309998,130.431732,4346000
09-01-2020,135.740005,136.789993,135.309998,136.740005,131.810165,3730600
10-01-2020,137,137.869995,136.309998,136.690002,131.761978,3255400
13-01-2020,135.479996,136.639999,135.070007,136.600006,131.675232,3531000
14-01-2020,136.279999,137.139999,135.550003,135.820007,130.92334,3681000
15-01-2020,136,138.059998,135.710007,136.619995,131.694489,4045900
16-01-2020,137.320007,138.190002,137.009995,137.979996,133.005463,4320900
17-01-2020,136.539993,138.330002,136.160004,138.309998,133.323563,5623300
21-01-2020,137.809998,139.350006,137.600006,139.169998,134.152557,7244100
22-01-2020,143.320007,145.789993,142.550003,143.889999,138.702393,16470400
23-01-2020,144.199997,144.410004,142.149994,142.869995,137.719177,5657800
24-01-2020,143.389999,143.919998,140.460007,140.559998,135.492432,5580200
27-01-2020,138.5,140.070007,138.100006,138.619995,133.622391,4166600
28-01-2020,139.5,140.470001,138.75,139.550003,134.51886,3451600
29-01-2020,139.169998,139.580002,137.600006,137.690002,132.725922,3053800
30-01-2020,136.759995,136.970001,134.970001,136.770004,131.839081,5057900
31-01-2020,142.899994,144.050003,140.789993,143.729996,138.548157,18994600
03-02-2020,144.25,147.279999,143.899994,146.270004,140.996582,8887500
04-02-2020,147.779999,149.380005,146.880005,149.110001,143.734192,5621000
05-02-2020,150.210007,157.440002,150.149994,156.330002,150.693893,14386800
06-02-2020,156.820007,158.75,155.419998,156.759995,151.108383,8400500
07-02-2020,154.550003,155.539993,152.919998,153.410004,149.423355,6423400
10-02-2020,152.970001,154.440002,151.580002,154.429993,150.41684,5239800
11-02-2020,155.119995,155.220001,152.729996,153.479996,149.491531,3835100
12-02-2020,153.75,155.600006,153.520004,155.309998,151.273972,4437800
13-02-2020,154.369995,154.830002,153.410004,154.309998,150.299957,3820700
14-02-2020,154.419998,154.559998,149.770004,150.699997,146.783768,6099200
18-02-2020,149.789993,151.380005,149.639999,151.100006,147.173386,3343000
19-02-2020,151.539993,151.889999,150.309998,150.860001,146.939621,2732900
20-02-2020,150.809998,151.619995,149.509995,151.220001,147.290268,2880500
21-02-2020,151.039993,151.039993,148.839996,149.839996,145.946121,3536900
24-02-2020,145.509995,148.050003,145.380005,146.429993,142.624725,5452400
25-02-2020,146.509995,147.070007,141.259995,141.710007,138.027405,6211500
26-02-2020,142.899994,144.059998,139.600006,139.75,136.118332,5407900
27-02-2020,137.240005,138.690002,133.009995,133.110001,129.650894,8421100
28-02-2020,129.979996,131.089996,126.360001,130.149994,126.767807,13012200
02-03-2020,130.75,134.440002,127.949997,134.300003,130.809967,8531400
03-03-2020,134.479996,136.100006,127.800003,128.899994,125.550285,7896100
04-03-2020,131.580002,134.279999,129,134.220001,130.73204,4996400
05-03-2020,130.5,132.289993,128.449997,129.550003,126.183403,5446200
06-03-2020,126.699997,128.330002,124.519997,127.730003,124.410698,8193300
09-03-2020,120.160004,122.410004,117.279999,117.809998,114.748482,10757500
10-03-2020,122.779999,124.879997,115.760002,124.769997,121.527618,11410700
11-03-2020,121.010002,122.580002,116.379997,117.970001,114.904327,8446500
12-03-2020,109.650002,109.800003,102.279999,102.809998,100.13829,12512700
13-03-2020,108.68,109.160004,100.809998,107.949997,105.144714,12502100
16-03-2020,98,107.410004,95,99.080002,96.505226,10568000
17-03-2020,100.610001,107.400002,97.099998,106.650002,103.878502,9258300
18-03-2020,99.410004,106.93,99.400002,103.550003,100.859062,8772500
19-03-2020,102.330002,103.690002,98.239998,100.339996,97.732468,8396500
20-03-2020,100.919998,100.989998,94.709999,95.389999,92.91111,10546500
23-03-2020,94.599998,97.739998,90.559998,94.769997,92.30722,9729400
24-03-2020,99.989998,106.040001,99.260002,105.480003,102.738914,7973900
25-03-2020,105.480003,112.480003,102.830002,105.849998,103.099289,8654000
26-03-2020,106.910004,113.150002,105.57,112.889999,109.956337,7153500
27-03-2020,108.580002,111.5,107.650002,108.029999,105.222633,6423000
30-03-2020,108.089996,113.459999,107.809998,112.93,109.9953,5564500
31-03-2020,112,113.809998,110.169998,110.93,108.047272,6343300
01-04-2020,106.360001,109.919998,104.519997,105.139999,102.407738,6112900
02-04-2020,105.370003,110.32,105.139999,110,107.141441,6328700
03-04-2020,108.919998,110.07,104.919998,106.339996,103.576553,4538800
06-04-2020,110.349998,115.629997,110.129997,114.82,111.836189,7034200
07-04-2020,118.800003,119.57,114.870003,114.940002,111.953064,5595300
08-04-2020,116.309998,119.959999,115.07,119.290001,116.190025,5158600
09-04-2020,120.480003,122.919998,120.169998,121.5,118.342598,5576800
13-04-2020,121.629997,121.800003,118.040001,121.150002,118.001694,5119700
14-04-2020,123.459999,125.18,122.620003,123.910004,120.689964,5088700
15-04-2020,119.120003,120.190002,116.760002,118.690002,115.605621,5637300
16-04-2020,119.010002,119.75,114.419998,115.730003,112.722542,6457600
17-04-2020,119.300003,120.389999,117.919998,120.120003,116.998459,4966000
20-04-2020,119.150002,122.860001,118.139999,120.410004,117.280922,8181700
21-04-2020,114,117.150002,112.059998,116.760002,113.725777,14349000
22-04-2020,119.870003,120.330002,117.550003,119.309998,116.209503,7087900
23-04-2020,119.57,123.029999,119.120003,121.349998,118.196495,6881600
24-04-2020,122.410004,125,120.760002,124.720001,121.478912,4987300
27-04-2020,125.559998,126.989998,125.470001,125.919998,122.647728,4923800
28-04-2020,128.029999,128.199997,125.379997,126.269997,122.988632,4778100
29-04-2020,128.880005,129.309998,127.529999,128.690002,125.345749,5257600
30-04-2020,126.519997,127.269997,125.220001,125.559998,122.297081,6632000
01-05-2020,123.190002,123.470001,121.389999,121.870003,118.70298,4925500
04-05-2020,120.82,121.970001,119.389999,121.68,118.517914,4017900
05-05-2020,123.389999,124.32,122.470001,122.580002,119.394524,3899400
06-05-2020,123.239998,124.050003,122.410004,123.169998,119.969193,3864600
07-05-2020,122.980003,123.260002,120.849998,121.230003,119.6632,4412600
08-05-2020,122.669998,123.230003,121.059998,122.989998,121.400452,5003900
11-05-2020,121.809998,123.449997,120.669998,122.589996,121.005623,3533400
12-05-2020,123.010002,124.32,120.260002,120.260002,118.705742,4784500
13-05-2020,119.949997,119.989998,114.849998,115.730003,114.234283,5882800
14-05-2020,114.57,117.089996,111.809998,116.949997,115.438515,5259400
15-05-2020,115.93,117.389999,115.25,116.980003,115.468132,4786300
18-05-2020,119.879997,122.360001,119.75,121.559998,119.98893,4207600
19-05-2020,121.190002,122.169998,120.139999,120.290001,118.735352,3241100
20-05-2020,120.93,122.470001,120.599998,121.379997,119.811256,3840700
21-05-2020,120.989998,121.720001,118.970001,119.120003,117.580475,4000900
22-05-2020,119.370003,119.470001,117.589996,118.389999,116.859901,4180800
26-05-2020,121.300003,122.620003,121.010002,121.760002,120.186356,5469300
27-05-2020,123.940002,125.830002,123.470001,125.540001,123.917496,5727500
28-05-2020,126.870003,126.970001,124.220001,124.529999,122.920547,3915300
29-05-2020,123.669998,125.129997,122.239998,124.900002,123.285767,7930500
01-06-2020,124.639999,125.75,124.029999,124.889999,123.275894,2871700
02-06-2020,125.669998,126,124.660004,126,124.371552,2978100
03-06-2020,127.150002,129.600006,127,129.050003,127.382133,3917700
04-06-2020,127.779999,128.949997,127.019997,128.889999,127.224197,3864800
05-06-2020,133.889999,134.229996,131.75,132.059998,130.353226,5892700
08-06-2020,132.270004,135.880005,132.270004,135.75,133.995544,5370500
09-06-2020,133.520004,133.600006,131.020004,131.869995,130.16568,5393600
10-06-2020,132.149994,132.229996,129.800003,129.869995,128.191528,4734800
11-06-2020,126.029999,126.099998,117.839996,118.010002,116.484818,11763600
12-06-2020,121.25,123.120003,119.279999,121.910004,120.334412,6218100
15-06-2020,119.190002,122.370003,118.290001,121.650002,120.077774,5149100
16-06-2020,125,127.5,123.160004,125.150002,123.532539,5606700
17-06-2020,125.830002,126.25,123.400002,124.150002,122.545464,3154200
18-06-2020,123,124.400002,122.330002,124.160004,122.555336,2865400
19-06-2020,126.169998,126.82,122.25,122.470001,120.887177,8099000
22-06-2020,122.120003,122.5,120.529999,121.07,119.505264,4773500
23-06-2020,122.010002,122.900002,119.230003,119.410004,117.866722,6632600
24-06-2020,118.32,118.32,115.879997,116.419998,114.915367,6751000
25-06-2020,116.760002,119.209999,116.099998,119.029999,117.491631,6130600
26-06-2020,118.260002,118.989998,116.260002,117.190002,115.675415,10750100
29-06-2020,117.980003,119.779999,117.370003,119.75,118.202332,4159500
30-06-2020,119.190002,121.199997,119,120.769997,119.209145,3919500
01-07-2020,120.269997,121.230003,118.370003,118.540001,117.007965,4655800
02-07-2020,119.690002,121.419998,119.260002,119.699997,118.152969,3747000
06-07-2020,121.25,121.849998,119.459999,120.190002,118.636642,4045400
07-07-2020,119,119.510002,117.330002,117.580002,116.060371,4278100
08-07-2020,118.059998,118.639999,116.480003,117.709999,116.18869,5192800
09-07-2020,118,118,115.199997,115.709999,114.214539,4763000
10-07-2020,115.5,118.57,115.290001,118.349998,116.820419,4285700
13-07-2020,119.779999,120.989998,118.660004,119.199997,117.659431,4650700
14-07-2020,118.620003,120.889999,117.919998,120.599998,119.041344,4534400
15-07-2020,122.400002,123.959999,122.150002,123,121.410324,4473400
16-07-2020,122.68,124.480003,122.160004,124.010002,122.407272,4330900
17-07-2020,124.389999,125.629997,123.199997,125.110001,123.493057,3984600
20-07-2020,126.07,127.07,125.139999,126.370003,124.736771,9927700
21-07-2020,131.160004,132.169998,125.800003,126.059998,124.430771,15364900
22-07-2020,125.900002,129.470001,125.800003,128.669998,127.007042,8195400
23-07-2020,129.100006,129.369995,127.150002,127.330002,125.684364,4220100
24-07-2020,126.480003,127.650002,125.5,125.790001,124.164268,3531100
27-07-2020,124.860001,126.32,124.709999,126.209999,124.578835,3733400
28-07-2020,125.82,126.339996,124.150002,124.470001,122.861328,4178200
29-07-2020,124.559998,125.989998,124.07,125.32,123.70034,2832800
30-07-2020,123.709999,123.900002,121.639999,122.900002,121.311615,3988100
31-07-2020,122.709999,122.989998,121.089996,122.940002,121.351105,5277700
03-08-2020,123.5,124.410004,122.150002,124.309998,122.703392,3526100
04-08-2020,123.82,125.860001,123.82,125.839996,124.213615,3466100
05-08-2020,126.730003,126.75,124.610001,125.449997,123.828659,3675400
06-08-2020,125,126.260002,125,126.120003,124.490005,3417100
07-08-2020,123.5,125.07,123.209999,124.959999,124.959999,3651000
10-08-2020,125.419998,127.239998,125.18,127.110001,127.110001,3968300
11-08-2020,128.759995,130.470001,126.610001,126.75,126.75,5001200
12-08-2020,127.610001,127.790001,125.879997,126.699997,126.699997,3530200
13-08-2020,125.959999,126.389999,124.769997,125.029999,125.029999,3171300
14-08-2020,124.199997,125.559998,123.910004,125.269997,125.269997,2963400
17-08-2020,125.25,125.589996,124.410004,124.440002,124.440002,3360100
18-08-2020,125,125.5,124.239998,124.919998,124.919998,2882400
19-08-2020,124.830002,125.5,123.5,123.839996,123.839996,3743900
20-08-2020,123.199997,124.040001,122.809998,123.150002,123.150002,2561200
21-08-2020,123.010002,123.480003,122.309998,123.160004,123.160004,3385100
24-08-2020,123.790001,126.059998,123.360001,125.68,125.68,4070800
25-08-2020,126,126.82,124.489998,124.639999,124.639999,2977700
26-08-2020,124.949997,125.120003,123.949997,124.169998,124.169998,3388300
27-08-2020,124.599998,125.099998,123.980003,124.650002,124.650002,3422700
28-08-2020,124.959999,125.300003,124.220001,125.07,125.07,3099600
31-08-2020,125.25,125.25,123.029999,123.309998,123.309998,4827900
01-09-2020,122.849998,123.949997,122.150002,123.400002,123.400002,3155300
02-09-2020,123.720001,128.699997,123.580002,128.179993,128.179993,6592400
03-09-2020,128.190002,129.949997,123.650002,124.449997,124.449997,5716800
04-09-2020,124.349998,125.349998,121.239998,122.300003,122.300003,6018200
08-09-2020,122.160004,122.870003,120.709999,121.209999,121.209999,5210300
09-09-2020,122.129997,123.699997,121.290001,122.260002,122.260002,3770700
10-09-2020,122.529999,123.580002,120.239998,120.559998,120.559998,3978400
11-09-2020,121.389999,122.699997,120.730003,121.459999,121.459999,3548100
14-09-2020,122.360001,123.379997,121.760002,122.089996,122.089996,3641500
15-09-2020,122.82,123.400002,122.239998,122.440002,122.440002,2915200
16-09-2020,122.709999,125.82,122.709999,124.220001,124.220001,3788400
17-09-2020,122.620003,125.550003,121.970001,124.919998,124.919998,3171300
18-09-2020,124.260002,124.919998,122.650002,122.760002,122.760002,5391600
21-09-2020,120.480003,120.699997,118.580002,120.25,120.25,5311400
22-09-2020,120.330002,121.449997,119.529999,120.510002,120.510002,2957800
23-09-2020,120.800003,121.589996,118.43,118.830002,118.830002,3939400
24-09-2020,118.099998,119.519997,116.480003,118.089996,118.089996,3546200
25-09-2020,117.599998,119.410004,116.940002,118.949997,118.949997,2953700
28-09-2020,120.57,122.330002,120.410004,121.730003,121.730003,3509200
29-09-2020,121.410004,122.190002,120.209999,120.940002,120.940002,2106600
30-09-2020,121.379997,122.910004,120.800003,121.669998,121.669998,3261100
